596.606738
598.831962
602.822816
607.909354
604.681345
600.436439
597.666146
596.102648
591.771446
586.825345
581.321941
578.244770
574.561311
572.060715
568.993018
563.532426
556.049865
550.691235
546.775951
540.655209
531.819136
527.126030
519.834444
514.021616
513.376765
504.211933
499.071663
494.509111
497.033941
496.211472
496.835175
495.622640
503.248811
508.989630
507.488517
505.173869
502.091498
498.735934
495.699549
490.088421
487.840970
481.052676
482.792152
477.184779
481.797158
482.124816
486.062672
495.913247
499.378692
500.065191
496.612003
495.949824
495.705548
483.740148
479.835631
474.347332
471.125020
469.082528
465.501635
463.080709
454.585911
458.629980
462.312792
465.765203
463.174428
454.963871
451.028367
451.813957
446.387849
440.054315
432.942290
428.493395
421.956542
421.714078
418.613926
413.933335
409.938122
408.111379
404.948258
402.793404
397.320340
395.429830
394.628811
395.581985
389.344867
386.950634
378.469971
380.723205
378.152002
375.413020
373.541565
369.828931
365.742383
366.797249
371.525098
365.869862
363.830435
359.620336
358.512687
357.468848
357.036487
349.795041
346.792653
346.138113
344.910247
342.800439
343.174881
336.845328
338.150254
338.290076
337.167322
335.119748
328.694394
327.799290
325.498797
325.984739
325.741250
322.617296
320.641689
324.340772
318.967468
319.924894
320.154669
324.779908
320.908980
317.549996
311.198637
310.618557
316.104924
312.558720
312.399908
314.863269
316.596045
318.276050
322.555407
324.484274
321.321531
318.879037
319.319209
319.976792
321.299089
321.292367
319.515795
322.158372
321.984066
321.503389
322.308110
322.964549
324.026169
323.653486
326.983780
326.633194
337.561962
334.561624
337.699605
340.054390
343.870659
343.750635
350.960403
349.236582
348.937333
349.545445
350.628936
357.589777
357.604570
357.429660
359.111650
357.481935
357.774614
358.995629
358.474427
358.416303
360.023489
362.915456
361.883895
359.468720
359.782773
366.010861
363.635812
363.392960
371.433322
379.949483
379.984592
381.935372
386.618638
387.084555
395.372581
399.829675
404.224795
407.758753
409.271994
414.992355
421.446992
424.981318
435.524757
439.124532
443.489225
447.177216
451.970838
459.163850
461.659957
463.816430
467.538861
472.308228
478.930902
488.257189
490.939914
498.508123
502.200343
509.812854
517.641330
517.637964
530.415971
534.754661
540.487215
540.502234
550.059914
557.123214
562.250256
567.984709
576.102087
581.803092
587.491711
592.825589
602.911162
609.145237
600.172353
604.211480
602.624568
606.498486
614.517808
621.202478
627.058875
631.205769
637.422517
639.647590
640.156773
650.961730
647.689894
652.250353
657.070064
661.563110
662.829808
666.757544
673.117815
675.518003
680.007617
685.751889
684.604545
686.895737
691.190297
691.269190
692.980852
691.836745
691.174911
697.096153
700.649771
702.074731
701.860687
699.831833
700.915475
704.422417
708.671143
711.212782
707.737217
715.802050
718.325930
724.381114
718.504800
713.008624
723.211997
725.245253
729.258032
728.855580
729.145561
732.465821
732.246404
733.633428
738.907467
736.101482
734.657058
723.812373
731.144139
735.755525
740.469800
743.575736
739.411989
737.720094
735.743872
736.579505
741.288774
740.103860
742.877735
744.000285
744.339423
742.324186
744.501224
746.016946
746.150823
746.042755
745.797486
743.111481
739.650050
743.784363
744.946748
745.266724
744.510330
747.807414
746.514476
748.810415
749.299744
748.980200
747.071650
746.364155
746.651331
751.639791
746.651331
746.942823
745.345833
749.860803
754.145653
757.357628
768.453171
772.948591
771.772784
770.736033
772.260948
767.839028
767.168433
770.223269
764.990100
762.334609
767.309561
766.125554
767.802602
766.661538
771.354450
769.845374
772.822611
771.645337
758.961609
759.471569
760.497184
759.692108
757.911221
757.782350
761.359402
759.992620
759.121080
763.302522
760.619884
765.406147
759.080338
755.839490
758.850563
758.227183
756.975375
753.105881
750.841491
746.445681
737.435853
719.677995
710.503172
708.349181
706.826360
702.301852
701.024666
701.948622
697.882046
692.631895
694.645189
689.617368
682.881490
676.563385
682.430830
680.878532
691.675699
708.176677
712.348020
719.791049
716.135729
712.978478
710.952063
703.537131
697.765346
697.960745
691.092565
690.515839
688.737046
682.559378
681.062753
685.048019
688.782103
695.594911
697.529183
700.648454
703.528175
705.899124
704.915890
704.798477
705.110189
705.419354
701.369717
708.290313
701.640881
701.360891
703.304075
705.188176
709.520154
712.362543
690.691041
701.604844
719.291382
717.679266
717.382380
717.703025
713.960849
711.002299
709.318065
707.973854
710.003809
708.225684
710.619096
713.583083
711.919436
707.867275
704.942799
707.965546
703.451289
704.031186
703.397729
703.039169
710.407598
698.472474
692.419857
694.130267
697.599186
696.558573
663.069725
633.081691
634.334169
632.830315
626.687001
629.638775
625.007364
624.091068
621.344966
620.577265
617.146001
622.645328
618.498757
616.878031
613.052214
613.961043
614.248564
612.480085
613.189414
610.407275
611.566832
606.966689
610.939482
606.767923
605.271860
602.896855
606.443890
598.810965
600.499536
597.562760
601.882395
600.816772
603.165429
606.153887
614.459975
606.180667
592.316299
590.918788
589.143705
585.773144
585.212711
584.699472
582.554889
577.155626
577.499296
572.858152
574.503673
573.550111
570.953832
572.705652
575.701059
586.153650
600.665696
612.709472
623.364238
630.590892
621.932632
601.950607
573.521410
555.964390
560.123088
562.306016
558.442371
558.168661
558.196325
559.278262
560.631321
561.074471
559.196779
559.748516
556.060870
554.970712
550.312887
546.778195
545.851024
539.459592
538.630671
538.730971
534.087454
538.800844
540.512117
540.164476
540.978789
536.699399
534.969784
536.380070
534.026989
532.167813
531.738344
532.179875
526.068628
518.931312
523.023481
526.764039
522.110034
523.450663
522.122097
521.158025
520.383505
524.297171
524.531737
524.075467
523.178571
519.504304
516.354952
517.163222
514.320639
516.688868
518.680023
523.378480
538.142917
519.584838
520.500896
519.076281
519.918797
517.777063
520.413543
520.630026
525.543024
529.360360
534.198759
535.014819
532.791839
536.680689
535.555443
537.168185
540.076218
540.298807
540.885264
541.725493
544.676663
544.753204
541.364344
540.721932
538.446061
534.209484
535.679178
535.262031
529.312584
528.183022
524.262882
522.122529
515.792835
518.262055
518.140133
521.682831
521.774758
522.223929
517.362549
513.580213
511.703536
511.497649
507.650879
499.334692
498.053061
497.822056
496.296558
494.401323
551.655350
492.090171
492.021700
491.420439
490.137190
490.669915
497.557495
489.511544
483.381890
485.396199
479.781079
534.953448
475.753475
469.236863
468.482908
463.720403
466.031577
463.031919
466.144134
461.862543
457.826415
456.643746
456.279036
452.867216
455.273360
453.710530
451.627297
446.964488
445.842651
469.418279
490.068266
492.134840
490.084903
487.696735
486.844055
481.742217
479.155930
488.629430
490.626757
488.352548
487.040339
476.564852
473.623825
473.470785
470.977785
470.261119
468.487849
463.202373
459.311732
456.449123
448.236883
452.117641
447.938270
449.740370
450.457835
444.846944
449.871097
443.400362
446.807090
449.396549
451.898030
452.444954
480.149263
479.237888
482.530936
480.414666
486.286556
489.644429
491.574644
493.202513
496.429141
501.511600
497.644502
498.115835
497.275822
495.994104
491.366707
493.513857
496.304348
502.415035
521.694721
550.520371
558.653286
563.845303
569.160300
564.703874
572.214424
571.883572
571.282138
571.170574
570.770841
569.995932
565.550102
568.007389
566.837818
571.391566
584.018498
586.880588
590.061943
591.955754
593.051955
593.234968
592.303718
586.257640
584.484047
582.091735
577.762044
576.775983
574.728161
580.347317
592.820885
610.173184
607.739030
608.502350
609.667842
610.544324
607.146357
602.712590
600.988909
597.848965
594.458983
592.482782
588.094331
587.190163
585.292015
583.558537
587.073506
585.929896
581.070241
586.849342
581.610109
575.712582
573.061234
565.989109
565.229716
560.020349
557.249905
549.815681
539.602921
531.705651
526.461585
532.170467
534.827598
527.131101
523.324770
517.766835
511.614328
505.353710
500.894047
496.856991
489.450864
484.226003
479.296454
480.286593
473.411313
478.367556
486.500126
490.554035
490.041637
490.944186
484.906697
485.702343
480.368335
472.198067
470.674144
467.492272
463.598394
461.629164
459.346194
458.644287
464.966385
472.211532
478.172674
477.985712
477.660514
471.126250
469.316943
464.005442
459.281219
456.477694
455.504775
450.597150
447.100761
440.114736
437.058433
437.203747
437.647502
436.852309
434.444266
432.448752
430.440852
427.596694
424.376755
420.196867
413.367421
412.303351
407.806788
402.783327
397.088558
397.214429
388.471061
391.033308
386.094156
390.951372
385.770533
383.886109
381.174059
376.365979
365.185953
365.452866
361.919231
358.590685
354.978707
353.165321
351.613476
349.086542
342.857548
331.871110
337.929272
347.114830
345.629136
339.165123
338.926910
335.809678
332.229864
331.656828
333.264219
327.849278
327.762562
325.580388
327.086497
329.148194
325.000653
324.760487
324.200173
320.656924
323.483614
321.289917
314.798251
310.864527
312.378857
309.119914
313.380994
308.949622
310.581073
309.581277
310.865530
311.734513
313.812492
311.916189
312.721448
306.766801
308.383147
307.020605
304.661352
307.504777
305.455898
308.194772
304.839845
301.963253
301.049568
303.507233
303.912544
301.978682
303.032545
304.498732
306.695266
303.409091
305.161040
303.941956
308.103470
306.753552
307.534211
308.957002
308.667712
317.018058
316.008746
321.805271
326.859646
329.212435
331.273679
339.432025
340.314398
337.330676
336.793764
338.767246
338.264785
340.114316
337.774193
341.766893
341.895343
344.625401
343.121526
348.701742
349.332804
347.933113
349.421322
347.276512
351.779549
351.348861
351.022076
352.087258
351.291363
354.684485
356.098407
357.222154
360.063216
364.398788
369.681567
375.831829
381.025831
394.426528
400.300727
405.471899
409.560658
418.990547
420.738655
420.045575
422.698650
428.144611
429.181016
432.027979
443.130234
445.333102
447.113320
451.287037
456.081241
465.157231
475.725961
478.888542
478.788998
493.470009
496.796829
502.693838
513.426893
519.651647
525.406902
532.768534
547.336211
550.677921
554.254412
554.691326
561.720875
569.412668
578.774259
582.223368
589.214658
596.294379
595.445928
605.079762
603.415812
601.708122
603.029329
610.154561
615.097036
617.898144
614.578013
620.563152
623.437046
625.015434
627.617043
634.093043
633.399509
640.510995
645.087293
650.523522
655.797432
654.578963
653.213065
663.458453
664.184679
670.497109
669.000722
677.377352
682.235776
685.549951
686.897981
690.982533
690.713332
689.862357
700.122526
700.180316
701.074449
700.964072
702.847481
704.628822
705.878623
706.452781
707.996815
704.422913
708.888143
708.151818
710.148324
710.037105
710.772804
708.697685
714.595018
715.822787
717.745255
717.470747
720.841286
722.592243
723.545892
723.743859
724.000673
717.062253
719.450335
722.610132
719.501089
727.207146
722.739456
724.566199
716.539605
719.592002
712.712665
721.913254
722.041153
718.702422
721.493690
725.426432
725.611840
722.700872
724.564192
726.051926
726.913367
727.505025
732.443724
726.350841
723.363569
723.472307
725.467087
725.646151
725.733978
721.875706
721.196069
723.460007
725.789393
721.812651
721.015085
721.804581
717.538656
721.664618
722.510954
724.277254
718.317233
715.286803
717.785091
720.591464
716.300766
718.090522
719.105672
721.710042
718.622924
717.227808
716.363885
713.636880
713.119929
718.212747
718.244274
714.237559
715.883338
718.606308
722.525693
720.227703
722.492741
723.065841
725.215948
729.809639
731.819265
732.983204
728.819456
727.701137
727.662683
729.974159
729.880332
725.695826
725.486292
725.263163
724.959372
724.531327
726.254468
723.069056
718.445219
715.390750
709.300349
696.479291
693.836143
686.802730
680.259770
676.287819
674.318027
679.217172
676.238899
674.565433
671.998200
670.844901
666.982507
660.977969
660.227250
659.969314
665.112800
680.642736
694.503091
695.028544
693.934177
692.448925
691.503023
688.538754
687.878755
687.592723
685.690172
680.173712
676.295458
672.918207
671.885341
679.579227
681.510349
689.585474
686.299439
684.959458
687.599477
690.201107
689.037773
689.809121
690.535671
689.270699
687.827397
685.790192
680.387303
678.262120
675.525491
681.424744
682.584604
686.437999
686.003696
688.654937
683.419373
682.991522
681.450704
679.788891
674.534704
678.499081
673.922826
676.127939
670.450562
672.401601
674.703194
673.978846
672.527192
673.708717
670.380970
673.187494
672.352379
670.160991
668.731931
670.789917
670.596567
665.528436
665.460958
660.825598
658.909711
654.588523
653.097444
651.328641
646.881106
644.838204
645.446155
645.254640
645.351660
638.681404
636.000341
639.242052
635.251543
632.702156
628.744167
629.845180
629.835189
626.029095
624.126674
626.411176
622.108912
622.099784
619.836171
618.422000
617.263155
617.742191
611.242691
611.629110
612.601986
605.772346
607.923143
604.646301
608.011079
598.842686
599.344964
599.086272
597.528687
598.942318
599.098421
594.661698
593.071765
592.700473
593.262309
589.687350
588.189690
581.681709
578.395738
577.314902
572.677729
568.047353
566.065413
552.687073
568.201040
565.772583
553.980723
556.376358
560.468441
560.410932
559.634103
556.349233
556.114344
542.863882
557.153921
548.537546
554.184021
545.914294
540.769470
546.434978
549.736032
549.573908
551.389236
548.206823
515.276143
534.676997
538.300035
531.965853
514.149516
534.650757
519.415096
523.099526
532.259395
528.594709
517.149454
521.162643
533.533689
529.886418
524.203776
534.116780
533.297116
524.349522
515.866140
525.362190
535.191984
527.971891
517.872594
519.472389
513.549139
523.080860
510.847080
511.575399
504.532514
517.778897
514.811414
522.964980
523.437910
521.345656
521.026090
516.466689
521.422327
520.099135
514.068723
519.752292
516.235705
512.080223
518.180572
527.465751
524.064181
511.023231
511.732970
517.226103
526.000977
508.787109
516.689494
523.947243
519.589067
532.974248
526.160555
525.614559
525.979010
529.592747
525.030993
518.980362
525.543520
529.216514
538.016635
523.864616
517.132061
532.495277
520.296584
519.917913
526.741187
517.098657
524.380834
503.450274
500.711552
511.220529
510.872500
519.263848
518.314709
508.688233
501.669992
518.741674
506.300712
509.723668
491.191160
484.994848
477.468028
492.095673
482.398785
481.779743
476.935432
482.645543
477.142916
476.932821
486.842458
473.361854
463.414475
472.723822
480.540386
475.301175
473.825741
472.059830
474.100660
456.645817
462.189014
471.537851
462.415488
453.619250
458.116482
454.073168
445.194844
459.609676
440.497443
447.081577
458.999308
442.326991
443.871435
447.454422
435.468198
448.167851
423.962046
420.581257
445.871524
430.630382
423.363569
423.594726
427.989543
434.391116
441.223216
434.420636
426.305071
410.299897
429.313426
438.847693
419.521266
431.000702
434.250808
426.522633
424.079782
432.051350
429.378811
423.408476
426.927760
437.473768
433.304151
428.691751
430.964924
434.308187
427.838704
441.223259
440.315833
441.317496
421.220842
425.005400
436.737745
426.823792
425.902253
458.336806
454.398777
433.972696
439.222912
436.141016
448.925928
446.596498
430.389990
439.864245
443.252652
441.833972
460.615438
456.633604
476.343558
510.050959
517.860704
530.050420
550.202316
534.160025
548.173656
558.684964
556.465092
541.738786
553.473699
542.101575
544.099484
534.708934
541.455171
555.824621
556.511854
582.387435
567.328313
578.376986
583.795606
575.736168
569.794555
554.535330
578.226342
574.259159
559.110635
548.365819
549.517349
553.643635
561.398159
605.445098
615.086052
603.780004
582.606312
589.981970
549.074199
517.322109
510.361052
514.989831
529.670000
548.121391
566.669155
575.910809
571.151864
571.958084
581.300340
565.896016
568.591386
585.384762
567.353323
568.878476
552.659041
560.879567
543.069553
528.862399
538.888154
533.136524
522.000606
522.574418
518.763275
506.994332
494.126620
498.959581
488.896041
480.158391
478.044516
461.181050
473.217273
462.082693
449.934820
443.127709
440.185775
448.602974
443.693644
424.544318
443.383595
441.126887
440.639866
441.359489
440.854428
430.201711
442.055525
449.141699
437.139679
431.803319
417.177852
406.549866
401.295247
407.096359
416.268095
426.575674
416.337170
423.628540
443.311089
439.464901
434.642298
430.828565
434.096970
419.162253
411.179076
407.263274
402.423580
392.020729
377.561120
389.895179
384.424855
385.180947
388.493438
404.711664
399.395178
381.934078
376.815430
360.115298
349.322014
347.266586
324.219961
354.796460
354.174828
342.766182
322.351052
339.150978
341.942461
325.722066
318.832404
306.980996
332.788214
327.288510
320.057131
321.195023
318.169837
303.044521
298.103125
296.614290
295.422450
294.596475
282.569596
280.238569
274.565271
273.094283
260.894468
259.265250
259.481128
264.225010
260.997606
261.733747
250.696824
253.818351
240.778221
248.542024
250.889397
240.565752
236.776728
226.134963
223.444070
232.625421
234.358381
224.929215
223.384372
224.256904
225.420400
226.143637
226.058669
239.410877
219.415733
219.428281
217.650609
221.035035
204.702601
207.726665
216.880027
219.296907
216.320770
221.714304
206.684509
215.643971
216.122069
219.322090
208.801470
213.799620
219.722740
207.901165
204.311780
192.295108
204.277049
202.532080
202.594660
198.794910
190.351708
195.118864
203.375902
189.818794
195.497567
184.349112
201.155533
187.747289
188.067131
203.483927
207.669588
199.728911
192.166076
205.161385
200.664520
200.414773
208.387916
200.108597
201.750115
203.775969
202.214542
195.621087
200.015375
193.694044
201.823506
190.231345
183.117648
187.939285
194.890977
199.086229
179.191805
194.123070
181.528438
180.723766
193.245251
191.947295
179.111612
191.731892
195.279218
186.027256
191.447942
196.832521
181.549515
184.080279
189.087707
197.859614
194.568842
192.427367
204.716045
193.037076
198.681652
213.730448
206.894744
203.883941
221.720811
218.579928
212.272601
210.649469
227.441917
211.903543
214.114946
228.469065
239.361299
226.054699
231.574687
241.096255
232.526577
239.933579
247.839438
246.381818
241.563703
245.482462
269.729170
259.282880
270.824390
255.602863
277.724820
269.567391
276.662628
281.414936
287.495509
292.447662
293.328460
269.887713
269.279093
280.528107
293.510329
279.613193
285.568552
293.906815
297.738382
305.530519
298.359669
319.629291
323.541889
325.520646
337.120689
321.674566
316.585007
333.027063
325.799762
319.848741
328.206111
336.042927
337.207632
344.247561
342.031001
354.141111
344.337503
340.546741
363.147734
360.001230
355.643443
355.073191
374.722465
370.254580
362.703203
394.124592
378.365808
377.676849
382.229410
389.251774
372.902757
383.952142
383.816624
388.069019
384.128789
392.815879
405.330555
376.090520
447.458371
453.058170
458.652833
455.870413
451.416015
451.229442
453.568884
454.571216
452.752047
455.170082
457.121142
459.157268
464.076438
459.620379
462.228763
459.215186
463.697507
465.143938
463.175679
465.856440
466.753034
467.510139
468.618511
463.257356
465.836026
464.278074
461.755229
461.391318
464.783134
460.331262
462.516198
460.367709
462.431974
466.322184
468.612296
467.180906
469.510185
467.484784
468.834368
467.090705
466.934515
468.412322
468.650146
466.490609
465.224342
465.050263
460.238277
466.421534
468.534288
463.518875
463.154704
465.813692
464.239684
463.936475
467.294520
468.506947
467.207319
467.958339
471.351515
468.919001
464.315600
460.797480
460.858204
455.639170
461.279624
459.196909
462.436312
463.317821
457.846224
458.034827
460.190976
463.029286
463.370043
460.900025
459.226451
456.294379
455.647478
459.206015
460.021126
459.965905
460.141905
460.791654
460.714357
463.493929
459.446278
465.476862
461.993830
459.934809
460.485186
457.847498
459.452083
460.404782
452.595944
452.450629
453.737008
451.119453
444.769108
444.529557
442.465508
440.236249
444.084681
448.527274
455.962771
467.298189
476.581447
483.300558
485.741811
485.151319
481.149437
476.144252
471.720109
471.787997
466.432863
461.804106
454.344807
455.195675
449.534504
452.291612
453.684074
456.803173
455.369214
454.994578
451.588498
445.524984
444.253473
443.857689
441.863363
439.896010
434.155320
432.356695
434.896911
430.069668
428.589919
428.024458
430.477493
421.298851
424.468014
420.483654
419.840918
412.961107
409.476651
408.276093
409.593826
412.555785
404.965996
403.017223
400.929178
400.043698
401.585574
402.309987
396.308772
393.976515
398.774216
393.957461
392.691820
392.352509
388.483900
392.630880
393.717026
391.765447
389.492706
390.504726
384.530529
375.285336
371.600194
371.226205
369.098475
362.982179
362.396207
359.952957
357.048075
354.094230
354.613123
355.831678
356.883836
355.589527
350.468808
346.562846
344.089115
339.547700
336.341950
334.655030
332.426407
332.541791
332.541877
326.421836
327.626128
325.530886
321.487691
322.287286
319.394941
317.877860
319.947001
316.008821
315.596789
313.557890
313.902013
313.499443
311.114953
303.629565
308.149239
304.581164
306.002326
306.135696
298.606923
300.498738
297.414705
297.128350
295.260898
292.169366
293.553984
292.727264
294.159992
296.371697
293.167091
293.977281
298.317687
292.204098
288.638904
286.664829
286.991095
281.431013
282.292886
281.297319
281.325901
278.501250
281.443302
280.121286
275.726684
277.378010
280.271121
282.808833
278.670852
281.068925
278.643424
279.682516
280.771283
277.656446
281.524008
276.466505
276.258655
277.556804
276.757134
275.257175
278.653513
282.392301
286.289836
283.397956
281.093277
281.805897
279.079108
279.432090
279.190295
281.406510
283.639804
280.001262
281.649642
282.146341
275.952230
278.199023
275.636645
277.144653
275.652463
275.814922
277.541160
275.880458
275.336490
276.647846
279.520845
278.352386
279.105629
282.243448
280.641851
283.542428
280.137276
286.041072
285.634671
287.891368
288.074036
288.983922
292.396293
295.504235
298.222134
299.023380
298.548476
302.565301
299.985046
302.694345
304.158039
304.591911
306.376380
304.837395
304.652419
307.988928
313.607544
314.533690
315.165938
313.978479
311.612623
311.248507
310.821768
314.068971
312.814260
310.866156
309.689465
313.117469
308.748234
309.781737
312.498298
311.375285
308.464306
302.365553
307.734326
308.526713
308.892783
307.844379
306.040219
302.115224
297.098700
298.929025
299.656103
295.219897
298.263307
296.801177
297.905470
295.051126
294.358154
291.411775
295.828117
296.820965
294.161514
296.069049
290.391360
291.462853
0.000000
-0.119592
2.458128
-1.325372
0.468743
-2.726077
-0.269934
0.261604
-2.594185
-1.373817
-2.505926
0.145185
0.624869
-0.087072
-1.178634
-2.609096
-2.142317
-0.651756
-0.819340
-1.592803
-3.371187
-1.849272
-2.334005
-1.280164
-2.145683
-1.766472
-0.083835
-1.921281
-1.231244
-3.784925
-0.874302
1.260613
-0.097970
0.881661
-0.971150
-1.772104
-0.522454
-3.113941
-3.748520
-1.417558
-1.236746
-0.725363
-3.948581
2.275525
3.426516
3.288409
5.968328
0.773247
-0.162729
2.486613
-3.039731
-1.994996
-0.872662
-2.816343
-0.157636
-2.374703
-1.608059
0.077685
-0.395633
-3.714684
-2.293112
-0.098725
0.988499
0.153428
-0.231825
-0.124598
-1.262361
0.284068
-2.755554
-0.180380
-0.747525
-3.429645
-3.057231
-0.192292
-0.800480
-4.662874
-2.274921
-1.507716
-2.739413
-0.306403
-0.238148
-1.004986
1.333896
0.036663
0.520727
-0.357912
-0.459248
1.136382
-0.192422
-0.168490
-1.808357
1.346455
-4.145804
0.780972
-2.849100
-1.259858
-2.002160
-0.140070
1.821596
0.573381
1.809070
2.695035
-0.347080
0.093848
0.851245
1.438663
-2.873204
-2.408572
0.635378
-1.752802
-1.203040
2.161835
-0.982511
-4.306008
-0.723496
1.195778
-1.139683
-0.121685
1.732302
1.458116
-2.166173
-0.941878
3.917712
0.384379
-1.265425
-1.203611
-0.509711
-2.122011
-0.134363
-3.571981
-1.279419
-0.523015
-0.543224
0.371238
0.230897
-3.061752
-1.395418
0.514998
0.919780
-0.859488
0.275739
-1.217293
-0.041788
0.202758
0.456411
-1.182615
-0.312380
-2.651694
-0.240187
-1.427139
3.474076
-2.144097
-1.057466
-1.332590
-1.154713
1.007370
1.188366
-1.240695
-0.404340
1.136554
2.882537
0.761033
2.515723
1.219612
-0.561739
4.465662
0.873525
-0.901244
-0.282504
0.340530
-0.086176
1.158198
0.738127
1.260807
0.032617
2.036752
2.804010
2.839238
-0.813773
0.248916
4.671052
1.260742
0.450897
0.291621
1.016703
2.168233
1.931704
-0.419780
3.001816
2.413071
0.745453
2.478801
2.086837
3.227815
0.867548
1.667467
2.370517
1.272633
1.380809
3.293566
4.233426
1.295485
1.638184
-0.390238
3.430637
2.787211
2.099007
-2.321100
1.790533
0.826051
2.687666
0.468247
2.950781
-0.368853
1.597658
2.449734
1.554241
-0.253275
0.839107
2.125528
0.826094
2.968303
0.170519
1.922425
-0.469132
-0.274940
-2.250688
-0.405775
0.398028
0.834899
0.702597
1.703137
0.881467
-0.212447
2.222030
-1.047216
-3.075746
1.143675
-0.059710
0.645930
1.006043
1.686694
-3.327662
3.752966
1.148941
0.102890
-0.927495
-1.155565
1.421745
0.095315
-0.071967
2.469155
1.622906
-3.888095
0.040655
0.312467
-1.308044
0.253469
1.737491
-0.132324
1.685917
-0.942363
2.821220
0.590665
2.212147
0.320084
-0.625840
-1.218771
-0.832849
3.386098
2.090354
-0.682204
1.654563
-1.772860
1.534755
0.873396
-1.765739
0.723636
2.195423
-1.555644
-1.795431
-1.501545
1.326732
1.318790
-0.358085
1.451459
-1.004770
-0.600894
-0.326062
-1.768587
-1.428067
1.812997
1.267820
0.261194
0.123433
-0.089769
1.955894
-0.208671
0.386570
1.190524
0.035131
-1.185733
0.064349
0.814701
0.242118
-1.341276
-0.222611
-0.174058
-0.446387
-0.872533
-0.353424
1.257937
0.487733
1.714768
1.067220
0.066421
-0.558124
-0.650310
-0.542285
1.341319
0.750913
2.484628
0.899895
-0.691311
-0.113248
-0.340865
-0.288600
0.823160
-0.184243
0.421959
1.693621
1.460522
0.324853
0.498781
0.696360
-0.596708
0.928552
-0.997951
-0.955915
-2.524894
-4.858295
-2.151143
-0.935285
-1.704626
-1.717401
-0.054768
0.510607
0.030642
0.709696
-0.225805
-1.729097
-0.868692
-1.562074
-2.154984
-0.057919
-2.327704
0.956174
-1.278739
-0.570122
-2.156149
-2.878016
-0.667962
-1.149307
-1.656979
-1.441295
-1.665374
-3.228872
0.664337
-1.024386
2.059863
-1.977344
-0.751689
-5.100219
1.146934
-0.990636
1.444554
3.172162
1.593839
0.352172
2.520600
-3.397298
-0.298354
-1.485554
-0.820376
-1.246651
2.553551
-0.487905
-0.957986
-2.812221
0.585875
2.122507
0.405128
0.884596
0.401135
0.641139
-2.620598
1.978121
-1.442353
1.697721
-0.272092
-4.856525
0.325522
3.082090
1.620036
-0.869188
-0.941155
2.316331
2.184634
-0.846206
2.135886
-1.284846
12.957503
-2.381220
-0.672386
2.047153
0.379707
-0.404782
-2.528908
2.673812
-1.870160
2.002052
-2.025703
1.167607
0.194256
-2.338644
-3.895302
2.308908
-0.771974
-1.333572
-1.149869
-0.627458
3.640560
-2.873463
-1.484173
-0.514275
-0.606159
-2.226001
1.332169
-28.977071
1.932092
-4.529255
-1.049396
-0.861981
-1.982070
-3.043680
2.168126
-0.936191
0.329514
-2.721567
0.714573
-1.063552
-1.155695
-0.763472
1.264325
-1.543257
-0.069852
0.818542
1.945731
-2.302197
0.431519
-0.444186
-2.741075
-1.574223
1.377507
-0.831187
1.433268
1.177555
2.549495
-1.446194
1.377745
-0.398158
3.516782
0.430915
-5.628111
2.337760
-1.779765
2.555040
-1.731125
-0.193544
-0.685247
1.087915
0.853673
3.202740
0.016940
-1.151422
-1.718933
-0.984637
2.546560
3.289790
2.014050
5.437070
3.480313
1.620403
1.191322
-3.892691
-7.042519
-5.724419
-2.545956
4.986648
-11.383042
2.948882
-0.795495
1.380205
-0.566756
1.078657
-0.975250
2.869514
-3.835959
-1.414321
0.324594
-0.668653
-1.406510
4.835831
-0.967999
-0.194536
-0.158585
-2.262362
0.417967
0.041713
1.189725
-0.558577
-4.776337
0.804731
-1.069119
0.397273
-2.690925
2.620965
-1.701368
-0.664855
2.033536
0.581969
2.444533
-0.777390
0.921280
-4.003630
-0.637147
-1.404071
-0.450034
-0.174252
-1.755359
1.714035
-1.818413
-2.244041
0.511923
-2.728062
0.467599
3.013382
0.148810
-0.980083
0.561339
0.965539
0.176475
-1.136425
0.735052
-0.089381
-1.625603
-1.625452
-1.467169
0.900456
-0.231782
-0.086230
-0.205714
-0.690620
-3.010469
4.406621
-2.779183
2.014050
-3.907041
2.447166
1.012905
-1.220994
-1.506831
-1.788785
1.096028
-0.226668
0.372521
-1.433764
-2.764531
-0.140049
-2.390326
-3.148662
2.229777
-1.319395
1.205111
1.125268
-0.631170
-1.465313
1.265943
-2.158005
-2.050649
-3.305155
-0.711552
1.304850
-1.085498
-0.666926
-0.727068
3.600293
1.975575
-1.473362
1.421550
1.654239
-0.715997
3.395938
-7.567173
1.850070
-0.504845
0.600009
-1.125247
-0.777757
1.023846
-2.205889
-1.906348
-0.751905
-2.168557
-3.968369
1.521915
-0.369457
-1.091626
-0.541206
3.581994
-3.932030
3.115581
-0.489891
-3.983496
-1.643730
25.896383
-2.169464
-2.445181
0.425498
-0.167411
-1.650117
-1.711618
1.331975
3.693235
1.068299
-0.385426
1.260138
-2.272504
3.190785
2.051792
-0.634773
0.644506
-1.235581
0.211217
-0.137503
-5.547361
0.881877
-0.802724
-3.945085
-1.169117
-0.128137
-3.466653
1.075938
0.358430
0.959821
1.060639
0.008934
-0.795430
-1.114932
-0.234587
1.086685
-6.368493
2.693190
-2.264304
0.789151
2.537518
1.769709
-0.269697
0.062170
-1.226021
0.152910
-0.273106
-0.184718
1.077557
-1.299175
3.434414
8.854652
6.117117
1.796813
1.022702
1.356878
-3.203344
1.449474
-0.209965
-1.684018
2.584172
-0.393669
-1.213376
-0.652749
2.006907
-0.615805
5.832466
2.371337
-1.535445
-0.742950
-0.456875
1.078722
-0.511686
-1.872793
1.615116
-1.475801
-0.144753
3.129759
1.221533
-1.549278
-1.016811
6.036885
-0.129583
-0.482295
0.469844
0.659482
0.516260
-1.184935
-1.399497
-0.818045
-0.961547
-0.312639
-0.648606
-1.141021
-1.612181
1.189315
-0.855809
2.161846
-1.480375
1.748713
1.662461
-2.125312
-0.475303
-3.109777
-1.512809
-0.193565
-0.290995
-1.360438
-6.315127
1.407481
-2.151812
-1.078959
-1.577029
2.193719
-4.457354
-1.688334
-0.502946
-6.160685
-1.897566
-3.243826
-2.330876
-1.637040
0.835740
-2.060057
-0.811615
-1.424054
1.357482
2.188086
1.488964
-0.235019
-1.589825
-0.384131
1.405841
-0.998706
-0.654000
-1.551047
-1.085174
-0.411342
-3.225786
0.415680
1.275718
2.308196
2.886195
2.104877
-0.567748
-0.837229
-1.411797
-1.356921
-1.530374
0.072549
-0.486309
-3.663585
-0.426750
0.369047
-1.206341
0.756674
0.924474
0.098725
-3.144713
0.772319
-0.635291
-2.388125
-1.934380
-0.287737
-1.720163
-1.184633
-1.833950
-0.669602
0.152047
-0.460737
-0.434001
-1.201313
-0.029283
4.639094
1.441144
1.993075
-0.631558
0.644355
-2.111674
-0.306856
-2.819731
-2.439549
-2.270195
0.693674
-0.599330
-1.574320
-3.663908
-0.502547
-8.329016
9.721197
0.409681
0.544885
1.285019
1.948385
-1.887758
-3.474756
-0.282720
0.313772
-1.269331
-0.368001
0.982490
-2.662203
0.800933
1.497358
0.732754
1.897458
-1.299250
-0.327378
-2.996551
0.724327
-1.303286
-1.515916
-0.737026
-2.995342
-1.402000
-0.099761
0.493850
1.274726
-0.602480
-1.899832
-0.489319
1.837015
0.638291
0.189163
-0.427991
-2.315695
-0.267096
-0.679388
-0.246100
0.549730
0.969035
1.487130
-2.111059
-0.828684
1.511385
1.712848
0.159826
1.286551
-1.296380
3.203139
2.194754
-1.166841
0.129669
0.458374
0.186120
-0.467535
1.468183
0.506798
3.786996
1.196663
2.440930
-1.065990
0.538886
0.525982
2.140051
1.869491
-0.565893
0.198626
-1.895699
-0.061975
-0.458957
-1.278955
-3.706927
2.219516
0.703374
-4.210596
-1.070457
0.614403
-1.909682
-0.675569
-1.494833
-1.001932
-0.668351
3.011710
-0.003107
1.314011
-0.055113
1.542836
1.659094
3.486182
-0.431497
1.113896
3.200625
1.700828
5.020851
2.444663
2.394513
-1.981940
-0.489955
-0.960727
-0.104616
0.078246
0.243305
2.211478
2.659743
-0.474095
-1.901515
5.397170
4.520883
0.962971
-1.153192
4.667125
0.256425
1.933991
4.967313
-0.360286
3.791528
-1.777844
5.273047
2.640213
-1.308130
0.966057
1.765415
2.744031
4.239188
1.152480
3.357247
-0.101142
2.027106
2.716647
-0.364106
-1.053151
0.300210
1.933193
2.982934
0.307957
-1.274618
0.753912
1.185561
1.032758
1.488424
0.722730
0.208498
2.501610
-0.812413
1.239379
1.885632
1.886194
-2.121256
0.350532
1.432362
2.887187
0.997757
2.410028
0.608706
0.139963
2.907148
3.537282
-1.449711
-0.795754
2.226562
0.366522
-0.534581
1.572087
1.282688
1.027817
0.812521
-0.043547
-0.487970
1.155846
2.422976
1.513607
1.047670
1.086987
2.436420
-4.768418
3.849338
3.976483
-0.705726
-0.486589
0.086878
-0.386828
4.595957
-0.793510
0.686693
-2.407655
-1.904277
0.451782
-0.866793
0.606807
-2.230209
-3.209494
-3.009390
-0.741072
-0.907038
2.103625
0.631752
-1.930064
-2.542654
1.378673
-0.511988
1.429017
0.955893
2.254399
-0.101681
-0.749488
1.882439
0.146695
-2.418854
0.515850
-0.863297
1.190869
-0.466542
-0.728815
-0.349453
1.013984
1.219915
-0.571805
-0.453336
2.506466
-0.688678
-0.924733
2.208112
-0.874302
0.596708
-2.039988
-0.523252
1.496711
-2.771350
3.307615
-0.431087
-0.886646
1.359510
2.703980
-0.044280
-0.442783
0.346972
-1.743663
-1.363740
-1.078096
1.399475
-1.059754
0.801818
-1.441598
3.006153
0.476425
0.617424
3.224276
-0.363566
1.594616
0.982587
-3.628195
-0.593471
-1.627330
2.696449
-0.468009
1.097043
1.452107
-0.200169
-0.879007
2.289767
1.986796
-2.684731
-1.370192
-1.693081
-7.759271
-1.890941
-0.229732
-2.846575
-0.534430
-4.123696
1.973719
1.440087
2.167478
-1.713236
-1.304483
-2.940898
0.462118
0.512096
-0.734987
0.538422
2.910622
0.563152
2.229885
2.355433
-4.115733
1.406812
-0.072398
-1.786929
-0.380376
-1.080125
0.750826
-0.611468
-1.635789
0.480892
0.010595
-0.504931
0.261734
-1.619388
3.150389
-1.697332
3.515444
0.702381
2.285689
-2.936927
-0.550161
-0.601088
-0.375758
-2.077622
-1.390908
-2.445375
3.260335
3.102655
0.218144
0.897888
-0.513563
2.029695
0.162556
-2.466372
1.039879
0.676831
1.077816
1.434584
-0.348202
0.328802
2.830240
-0.160830
-1.123046
-1.238516
-0.295182
-4.707758
2.790512
0.831834
-2.502409
-2.600011
-1.832310
1.201313
-2.716345
1.720767
-0.256684
-2.406597
-1.303728
-0.522821
-1.282322
-1.900436
-0.862714
1.244795
0.293434
1.196933
-1.028183
-1.503746
1.761121
1.924432
0.489157
-2.039125
-1.518182
-0.951254
-0.250383
-4.790213
1.898299
2.836433
-1.180036
-1.298743
0.659654
-1.569951
1.900328
-0.951815
-0.938630
0.021666
0.711725
-2.963254
1.518312
-0.173885
-0.187372
-2.000801
2.859566
-1.591184
-1.453855
-0.912929
-1.301311
-0.351352
0.618395
-1.929546
0.614856
-1.144344
-4.037919
-2.660563
0.588162
0.915670
-4.112561
-1.255779
1.652858
-3.010038
-0.420578
-4.437824
-8.779902
11.825890
-2.204961
0.725298
-7.078189
8.513248
-2.676229
-3.385343
-1.647398
-5.508799
1.506616
-7.947895
4.087249
4.378158
-1.574849
-0.451501
1.269741
-2.235410
13.059465
3.915069
-3.088176
4.138090
7.774744
-2.202501
-8.011812
-5.216186
-3.553660
-1.615051
-16.273145
2.953630
5.023850
-3.537519
-2.223714
-2.124147
-1.062710
-9.789592
12.559626
-0.212059
0.968237
-4.149181
-1.960167
-9.216125
1.920267
2.092836
3.242079
-6.309538
0.222913
-2.457524
12.733274
5.653963
-7.098819
1.158953
-9.251084
-5.036863
1.034463
-9.777745
-7.446481
2.089879
6.986154
-3.314822
-5.881321
2.666065
1.571957
-15.453978
0.997778
-4.915242
1.260678
3.585727
-6.229652
-1.739520
-12.454622
-0.141279
-8.508673
-6.493134
7.774528
-3.691918
-0.357287
-5.045753
4.180191
10.483946
0.762047
-4.249805
-6.644296
-6.100975
-5.680807
4.068324
3.817682
0.579466
-3.675108
8.345621
11.038898
-7.245277
-9.388651
5.623234
-1.815932
12.861584
0.267711
-0.668955
-8.995759
-3.289423
-22.302542
-14.193710
0.462097
-2.750634
4.781300
2.020438
3.851561
4.003996
-8.213082
-0.113032
1.303210
5.280556
-4.046507
5.568013
5.599540
-1.822060
-2.216592
-5.134271
4.940317
-11.585412
2.709396
1.422155
6.875280
13.864649
-3.168666
0.288212
4.293136
-4.838075
6.424167
2.708468
3.617492
-7.192796
20.072743
3.305047
-4.144930
-7.034081
7.182632
3.568917
0.442632
2.664404
2.374013
9.887540
11.002623
1.785483
1.249370
2.073134
5.366787
-7.526669
9.525398
1.292874
-0.375392
0.963295
5.224170
-3.373172
-6.304705
1.979631
-12.902282
-6.671011
11.995999
-0.969208
-1.293543
2.645802
6.746689
-1.417494
0.632011
2.578216
3.690818
-4.463007
16.903322
-5.095278
-7.272143
-4.849922
-1.490021
-1.774521
-5.399048
2.746750
8.730529
-8.676710
-4.867315
3.066834
6.454011
-3.991092
-3.910818
8.038161
6.868504
-6.706229
5.425590
10.778372
-2.787578
6.486488
10.301472
5.955316
9.327344
-1.915584
-0.450854
-6.961877
11.941987
4.760023
-2.677265
-3.414993
5.239103
15.512436
5.759916
1.937401
-11.270011
-2.534368
-0.910491
6.885422
3.589590
-4.222960
-5.928407
0.334931
-0.196155
5.264955
9.981971
-13.316257
12.792875
4.913300
0.375909
-14.556175
4.539052
-6.318968
-11.404557
-5.914941
-0.709567
1.619259
5.812289
4.985137
3.325331
-0.007639
-0.688937
-8.540114
-4.628606
-13.441956
14.170081
-2.299608
-1.046202
1.811508
0.932588
6.762744
-5.652862
-5.985937
3.692134
1.817723
-8.972022
-3.251358
-10.498296
6.554225
2.194452
-4.332043
-5.361241
-4.283986
-2.756331
-1.990853
-2.554242
-8.479218
-12.587377
-5.543844
0.442265
3.293243
-16.761353
-2.900480
13.884459
0.327637
5.708256
8.921095
13.480410
6.925624
10.798505
0.995685
-4.218084
-17.008283
-4.304573
7.142991
-11.563574
2.612031
-0.501867
8.838187
-0.270474
6.387547
-0.824476
-2.685465
2.039988
11.020814
2.730803
3.712332
-15.562068
5.482775
-5.132415
-14.574086
-9.894467
7.560894
2.407223
-6.397301
11.530558
-1.761746
2.622260
-3.157553
1.640428
-7.006568
-4.540412
2.674837
-2.003714
6.339900
-11.760354
-3.945959
-8.026875
-0.200589
3.740029
8.372336
-9.425907
-1.357762
0.818347
0.132205
-2.845485
-2.019995
3.212914
-15.117234
7.402524
1.326235
3.013425
-0.772049
-12.490281
7.276815
-2.195499
8.523164
-3.681118
-3.307809
-7.326047
7.534049
7.484072
8.955805
5.030389
-8.100061
-3.552592
-6.834225
1.039901
3.761738
-4.888991
-1.892257
4.053855
-8.891186
-0.944176
11.012431
5.349329
14.201629
1.790522
3.530161
6.472515
8.647719
-9.079734
1.951147
4.823466
0.417525
2.136879
-0.040720
-4.841237
0.319458
-8.655973
3.918748
4.745425
-9.844241
2.606572
9.113667
-10.613151
4.658267
14.946942
1.165546
-8.671380
-0.537840
-11.492956
6.728822
0.119268
-6.795458
-1.029716
15.961682
6.016914
-11.437783
9.005771
3.083450
4.896026
10.574476
4.785303
-3.632241
-3.302284
-11.366934
-2.627946
14.973959
-10.686844
0.546407
-3.394600
-3.122843
5.878062
11.998589
6.979313
8.231532
15.707781
7.260641
-12.000035
-9.406232
-5.276030
-3.923938
-9.790153
-0.409465
2.157778
2.854980
9.296697
3.464452
-7.068597
1.877540
1.351283
6.126849
-8.665435
5.234728
10.559289
6.224862
-1.235646
0.611770
4.837083
-0.322900
1.005525
-7.382520
-6.565813
1.676001
4.167729
6.887882
2.040355
-7.279771
-8.417350
3.498277
-13.273509
-8.390387
6.060353
3.031239
-1.589372
7.014520
8.967663
1.305142
-6.860174
7.198331
-3.367011
-2.987552
14.328925
-5.476485
7.067755
4.913030
4.987727
1.108329
-3.635003
4.247744
-14.182661
-1.110918
6.836696
13.733156
4.303084
12.098274
-13.790708
1.674221
2.299694
8.418019
9.355516
1.573705
3.850568
6.433705
-9.639541
-0.135550
6.785003
11.744623
-9.180056
-6.488171
10.182420
-4.167955
0.046654
3.065011
4.126361
1.377907
4.308198
7.025201
-7.306842
-9.573477
-5.781657
-8.812907
-3.827824
0.084321
13.649979
-12.278536
3.056390
3.975447
-6.421211
13.029405
0.467340
8.036348
-9.703578
-8.347304
12.109937
0.135366
0.340088
8.170117
0.482921
5.503664
4.438170
6.439726
-27.999145
25.962092
6.035569
1.191473
0.716774
-5.062909
0.132043
0.362681
4.335669
-3.941913
2.299953
0.454717
2.339313
-0.015537
-1.043548
1.129045
-1.907212
-2.628000
0.969618
-0.873569
-0.909412
-0.282644
-1.854623
1.492330
-0.261432
-1.750763
-0.905635
-1.373148
-0.685312
2.905206
0.235386
-0.084504
-0.716645
-0.047668
1.780391
1.122355
1.051057
-0.735052
1.144560
2.282797
-1.272266
-1.936581
0.095402
-0.013638
-0.851234
0.661057
-1.251895
-2.015820
0.738375
-1.572799
0.977149
0.365098
-1.162449
0.407998
-0.556916
-0.800868
-1.063250
2.159882
-0.738332
3.381156
0.343519
0.355021
-2.067027
1.780520
-0.359445
-2.166507
0.935587
-0.220172
2.539957
-1.634580
-2.429018
1.094993
2.908076
-0.683995
0.554197
0.835654
-1.008611
-2.183749
1.464083
4.633979
0.876158
-1.877713
-1.350533
0.590730
1.170951
0.317063
-1.421702
0.636672
2.582575
-0.344965
-0.275113
-1.780024
0.337412
-3.655363
0.237242
-0.374528
1.728450
-3.237871
0.002784
-1.080297
-0.902614
2.024085
2.552472
0.248937
1.219310
4.023482
2.663713
2.675582
1.727867
-0.557930
-3.205157
-1.800071
-0.708747
-1.218490
-1.390304
-1.701325
0.650828
-1.296478
0.130079
1.476340
2.818911
-1.567965
0.211476
-0.075765
-1.413825
-0.963230
-0.843271
-0.608209
2.488382
-1.747504
1.242400
3.459446
-0.369349
-0.637514
-1.448179
0.202801
-0.917245
-0.261173
0.055092
0.175698
-2.816235
-0.304353
-1.370473
-0.913620
2.567945
0.531949
-1.930927
1.151789
-3.211911
0.664013
-1.221145
1.079542
-2.411927
1.420299
-0.101724
-0.028333
0.331586
0.472066
1.145833
-1.704108
1.631365
1.135173
-0.070737
-0.813535
-2.600853
-4.557546
-0.685096
0.362552
-0.115578
0.772254
-0.829493
-3.356211
-1.795755
-3.046981
0.294383
0.459529
-1.963943
2.156678
-2.000466
0.867278
-0.079379
-1.785635
-0.566119
-3.350169
0.428250
0.703838
1.240145
-1.961764
-0.159341
-0.462561
-2.095188
-0.777843
-1.818715
2.416222
0.081095
-0.251203
0.279062
0.455569
-1.881824
0.130446
-2.120338
1.414850
-1.428963
0.038486
-0.202186
-1.485123
-1.818985
1.633415
-0.388727
2.687903
-1.532629
0.022097
-0.198259
-1.203849
2.525768
0.886020
-0.730358
0.351816
-1.346628
-0.976210
1.161154
-1.605545
0.562677
0.930268
-0.805324
-2.464645
-1.472510
-2.281211
-3.713886
2.924940
-2.882321
0.514308
1.666863
-0.514534
1.263397
0.504629
-0.092467
-0.652846
-1.440216
-0.514221
2.127384
0.641538
0.895288
1.432534
2.249360
-4.405305
1.568818
0.389321
1.026392
0.984065
0.910933
1.009064
-2.209773
2.480301
-1.133458
-1.658468
1.867269
-2.608697
-0.345073
-1.901374
-0.694472
1.043375
0.251527
0.174349
-0.965776
-0.500907
-0.691311
-0.248625
-0.078624
3.311607
1.103398
-1.096784
1.125311
3.424692
1.743469
-1.702134
-0.008642
-0.097667
-0.896140
-0.642984
0.397435
2.460211
1.735938
1.235042
0.413371
-2.076274
0.436245
3.291096
0.945751
2.878394
0.690372
-1.927528
0.555632
-3.614654
1.105469
3.242953
1.417677
0.834316
-0.022917
0.106019
-0.366997
-1.416210
0.237155
-1.836162
-0.267345
1.552299
-0.295678
-1.235387
1.616551
1.190071
-0.752811
-1.494693
-2.362921
-0.584192
1.955225
-1.171189
1.330033
-1.332385
-0.438975
-3.724557
-1.099265
-0.560606
-1.962422
1.497434
1.498200
-1.099017
2.393466
0.414417
1.877788
-0.869264
0.775146
-0.735127
-0.990959
-0.673767
-1.768878
-1.218652
