596.207227
599.314122
600.510802
608.367746
604.605728
602.570751
597.464050
596.419495
593.794197
587.541306
583.048602
578.281922
575.387379
572.893164
570.035798
565.374747
557.703748
551.518738
547.924454
542.510947
534.327540
527.906532
521.980520
514.667652
514.326061
506.222306
499.989271
495.990672
496.196276
497.118328
496.127710
494.899679
501.900482
507.417925
508.345656
506.042336
502.390007
500.241427
496.812977
490.466567
489.004101
481.729343
484.199143
476.000893
480.867837
482.332101
483.728466
495.280068
498.749172
499.054172
499.117209
495.346899
496.042660
487.024258
480.034372
476.406847
471.605960
469.297442
466.234249
465.255882
455.591960
457.212174
460.985783
465.283798
464.224328
456.779568
452.174501
451.208376
448.787997
440.875534
434.726485
430.607254
423.118065
421.148283
419.555522
416.317369
409.988904
408.437187
406.082299
402.811577
398.532376
396.289283
393.778139
396.296206
390.280230
388.367236
380.037500
379.930060
379.292176
375.804461
374.836094
369.547474
368.705720
364.260876
372.292092
366.259656
364.854365
360.031612
358.247528
358.003796
357.232265
351.094305
348.422925
346.070102
345.241234
342.730803
344.849049
337.853868
336.919396
339.053124
337.287561
334.942119
330.873698
329.148179
324.828540
325.313650
326.718852
323.136584
320.241177
324.024079
320.931413
319.631491
318.190152
325.252487
322.018246
318.650181
312.363671
311.003782
314.409722
314.467397
311.530138
314.149105
316.301835
317.491192
321.396479
325.202944
321.518370
318.941036
319.115734
320.384631
320.480054
322.006485
319.265479
321.680527
321.901109
322.160980
321.657331
323.602161
322.922253
324.262930
324.889730
327.795219
335.097864
334.976436
337.051811
338.719057
343.224093
343.925844
349.288611
349.233363
348.421672
350.350949
349.313792
356.462610
358.340358
355.635520
360.122878
358.184638
357.404270
358.575494
358.822905
357.978236
359.711620
362.059317
362.675450
359.471370
359.210175
364.795113
365.298738
362.907555
367.875273
379.426323
379.955903
381.247147
385.680099
386.237769
393.484178
399.489839
401.997312
407.285958
409.265915
412.855817
420.445914
423.127465
434.037622
437.815640
442.245368
446.580947
450.518495
457.114752
460.734737
464.229648
466.225903
471.897385
475.759174
486.814350
489.813144
498.401059
499.566198
508.323881
515.607437
517.729073
526.723364
534.529979
538.876705
539.824598
548.032113
555.938764
560.658953
565.950895
574.793285
579.498787
587.272775
590.449819
601.047114
608.248574
602.220052
603.084138
602.706241
605.247878
612.702844
619.200246
625.901414
630.424941
635.168366
640.307317
639.854965
647.736166
648.611492
650.897171
655.874871
660.089534
664.291732
663.179343
672.857583
674.997692
678.857515
684.855313
683.905457
686.599362
690.458621
690.408237
692.770859
694.003789
689.635993
695.713980
700.297389
701.277009
701.564077
701.018128
699.773040
704.554694
706.156505
712.062762
707.292145
714.849058
717.345970
723.446617
720.298538
712.289176
721.625242
725.407641
727.444051
730.232160
727.760252
732.041593
733.116999
732.210442
737.541287
737.593908
735.751980
725.600937
728.811492
734.547782
739.798193
742.437329
741.096685
738.073746
736.097502
736.451577
740.461954
739.178811
742.545666
743.953550
744.392473
742.799636
743.272083
746.423343
745.894955
745.784046
746.245897
744.335138
739.723504
742.777770
744.753629
745.821385
744.000078
747.346221
746.650328
748.416855
749.051970
748.627671
747.871988
746.238124
746.357765
751.249632
747.668267
747.118068
745.510450
748.143382
753.690188
755.478892
766.362836
772.435760
771.820461
770.796878
772.292444
768.445379
767.335677
769.733578
765.978733
762.623633
766.806861
766.105756
767.547335
767.013174
770.032799
770.554351
771.899059
773.051714
762.180070
758.548826
760.021135
760.200093
758.389928
757.075125
760.587912
760.617882
758.732275
763.028959
761.075550
764.494975
760.760817
756.604753
757.469461
759.252388
756.248606
754.807540
751.041986
747.906404
740.473927
723.160973
712.824757
708.996043
707.371898
703.245830
701.792515
700.532439
699.986502
692.266311
695.971170
690.023743
686.494959
675.229638
682.678279
680.106851
688.095408
705.158298
711.289207
717.441931
718.967058
712.330306
712.265384
705.060152
699.157811
697.175984
693.561954
690.508530
690.093023
683.006068
680.861142
684.812968
687.344952
694.418943
696.612352
701.121149
701.006280
706.857126
704.062626
705.251978
706.321805
704.189069
700.930750
707.880108
703.560707
701.429197
701.999506
704.572012
708.970271
711.997792
696.757086
693.381104
721.006277
716.807934
716.553163
718.469857
714.808818
712.613539
707.905851
709.909620
708.209256
709.994034
708.810155
713.362974
712.920421
709.624842
703.206196
708.893402
704.288348
703.818415
703.911823
700.767277
711.774135
700.561531
693.523664
693.504390
697.487148
695.198162
682.346492
628.283369
637.731773
632.320822
627.680754
629.575184
626.421412
622.727054
623.148461
620.423919
618.489556
620.599446
619.948251
617.436091
613.796349
613.020666
615.284405
612.139386
613.236282
610.229071
613.232598
606.507106
610.713825
608.211208
605.576567
601.960566
607.209784
599.272726
600.886207
597.166798
602.599179
599.713260
603.604227
603.545853
613.654669
610.730199
592.274364
593.217836
588.049375
588.031988
584.620068
585.091959
582.736931
578.415546
577.048206
574.675804
574.392588
573.998523
571.295297
571.485726
574.557160
583.967181
596.037738
610.326498
621.000998
629.064625
625.554887
608.164772
580.047674
559.302938
556.136303
567.948003
553.984833
560.169504
557.225167
559.776312
559.516600
562.119583
557.883287
562.106894
555.801656
555.014076
551.647873
547.968776
544.348983
542.844704
538.298557
539.041041
535.470614
536.841231
540.488154
539.736257
541.348611
539.135418
533.225553
537.169940
533.822980
533.895749
529.734925
533.821614
527.505938
519.360703
522.607453
525.553123
524.112924
522.382389
524.113607
520.238398
520.689283
523.230395
524.264610
524.829990
522.302219
521.607245
517.041525
516.244455
515.907862
515.296429
517.638092
521.814963
536.716025
522.543595
520.575539
519.395188
520.430715
517.410631
520.304913
520.750290
524.309174
528.309649
532.335287
535.513749
532.844802
536.138296
535.570247
537.793500
536.769271
543.022358
538.654821
543.605642
541.822836
545.563085
542.627941
540.826986
539.440817
534.017646
535.892271
535.441426
530.924573
529.150156
524.122394
523.707546
517.310150
516.092606
519.294343
520.114802
521.656445
522.789001
518.892477
513.520733
513.213282
511.303014
509.369337
500.402200
497.775968
498.758799
497.914406
489.516309
543.105275
503.819767
493.693709
490.690714
490.409794
491.051206
494.596397
495.386913
480.962205
488.121460
475.017180
528.459299
487.354725
470.392097
470.116022
464.281836
465.572200
463.545647
466.461987
461.146147
459.511002
456.896074
456.806908
451.674299
457.665949
451.530922
453.555780
448.858349
445.898838
454.228492
495.115525
490.570962
489.753508
488.367180
487.654004
483.189687
478.357507
485.945846
491.056906
489.068983
487.132632
480.210683
472.486338
474.135876
472.330582
469.801225
469.786092
464.072975
459.921339
459.604199
447.370072
452.367447
449.567758
448.376197
450.385594
446.665614
447.906459
444.904297
445.903698
448.673427
452.381666
450.556012
474.850574
478.829126
481.327523
483.242190
481.653642
490.780072
490.077611
492.409759
495.549972
501.374868
498.036832
498.545554
496.912731
496.788385
492.287971
492.520516
496.617668
499.357931
514.647641
545.123121
557.688450
562.430233
568.142458
566.608722
569.154358
572.451140
572.001126
569.773072
571.825854
570.588776
566.198594
566.724602
568.294703
567.639072
582.524472
587.067439
588.861489
591.522320
592.309084
593.495741
593.396891
586.270893
585.986009
582.481997
577.736787
577.912733
575.675949
578.991440
586.730793
608.920759
607.895031
608.026627
609.303023
610.470715
608.552802
603.674644
601.291849
598.768226
594.980331
593.309471
589.038648
587.768615
584.873630
584.591234
585.129613
587.952578
580.477222
585.941962
584.190939
576.130663
574.995040
566.783782
565.429432
561.234939
558.026367
553.615186
539.407165
535.345776
526.664889
531.206841
533.205036
530.977943
523.439247
518.614385
515.140162
505.251205
502.523892
497.692816
491.179953
484.850996
481.115610
480.142899
474.958407
476.186413
484.438684
489.951559
490.290214
491.531044
485.603011
485.170543
482.775883
473.639525
471.454295
468.271473
464.098743
463.176728
458.817550
458.487758
463.149696
470.213536
477.097155
478.589034
478.068389
472.576249
469.886851
465.450757
460.011999
457.058013
456.991722
450.588410
448.033272
442.322044
437.103564
437.246711
437.587121
438.231990
433.688667
433.452237
431.406131
428.171480
424.606538
422.036314
414.439452
412.992444
408.566441
403.998743
398.268312
397.819080
390.046559
390.938830
385.097129
391.596563
386.376447
385.301360
381.117831
379.134675
366.578788
366.507741
362.451330
359.587434
354.906271
354.140701
352.026205
350.641545
343.234081
337.316614
330.058790
348.739290
345.829663
340.304309
338.897335
337.705311
333.459169
330.582741
333.198986
329.354296
327.826171
325.380073
327.816139
327.842569
325.688552
325.179373
324.110419
322.233589
322.309412
323.065977
315.115375
312.264333
312.516831
308.977325
313.648851
309.099354
310.080220
309.654187
310.376857
311.873924
313.838337
311.688564
312.361203
308.257888
308.263378
307.558746
305.518178
306.451092
305.764981
307.691331
305.430577
302.718144
300.805534
304.038072
303.500200
301.724763
302.758427
304.544295
305.898973
304.897960
303.626216
304.195366
308.408020
306.446300
307.253110
308.931965
308.391325
314.854090
316.422720
319.228251
326.754121
328.120354
331.474685
336.971498
340.385104
337.572390
336.828760
339.269459
337.697803
340.757632
337.315095
341.297833
341.590913
345.276058
341.215036
347.989700
350.766746
347.010518
348.915367
348.267401
350.403793
351.749620
350.725903
352.153111
350.010303
355.103757
355.164672
357.429293
358.746800
363.516144
367.585893
375.820557
378.650816
390.749278
399.485037
403.205904
409.136929
416.651435
421.798158
419.450391
422.066080
426.765831
428.959116
430.767088
440.308269
444.656428
447.300821
450.925692
452.552887
463.186322
474.124766
479.357939
475.818703
492.047296
495.424734
499.786510
512.997463
516.248005
526.263940
527.989948
545.142437
550.770605
552.813203
554.146658
559.919917
566.694782
577.955595
580.181762
588.480081
594.449264
594.638252
604.142405
603.879485
601.754267
602.103790
608.168616
614.508343
618.099283
614.215761
619.194443
622.870204
624.512321
626.795410
633.308931
632.226269
640.091535
643.137299
649.007913
654.566614
656.400896
651.894107
661.439745
662.973233
670.293195
668.234924
676.000196
681.139690
684.161630
686.051882
691.626669
690.798702
688.411426
698.719020
700.274551
700.276677
701.072138
702.466018
704.222552
705.804294
706.244964
707.601504
704.462983
708.452959
708.180511
709.993766
709.048676
713.453187
705.949580
713.581869
716.791376
717.222619
717.009722
720.565142
720.402464
725.308692
722.690122
725.437586
718.188586
717.972324
723.004972
718.867189
726.942508
723.328437
724.857781
716.961023
720.074116
712.525580
720.559402
722.809673
719.537660
719.382493
725.348387
725.066192
723.524641
723.668095
726.369210
727.049368
726.065399
732.264656
728.554870
722.963453
724.007905
724.330325
726.051699
725.943696
722.663671
720.937274
722.683906
726.029063
722.728773
720.053251
723.057982
718.241108
719.776277
723.209354
723.534729
720.614417
715.463488
716.159366
722.035926
714.893667
719.094298
718.641944
720.779635
718.890454
718.373624
716.805243
714.020354
713.572536
716.835363
718.587487
714.123662
716.488847
716.855050
722.917425
718.975650
722.975904
722.938966
723.566946
730.049690
730.539302
733.016046
731.205976
726.761337
728.199217
727.910139
731.343706
725.982477
725.498551
725.724181
725.347590
723.545896
726.043299
725.367950
718.991523
715.903848
713.318494
697.171060
694.395941
689.603446
680.748472
678.814897
672.301188
678.978578
676.439609
676.331260
672.059754
671.830171
667.088739
662.308720
660.949603
659.798446
662.618230
677.441144
691.105342
694.485424
696.409504
690.787477
692.480234
689.693804
687.435720
688.010591
685.741691
681.860844
677.658310
673.218104
671.845378
678.357784
679.964866
689.047280
685.206938
687.072276
684.957038
691.028554
688.365108
691.311499
689.476526
689.731546
687.973700
687.096136
681.081707
679.631774
674.023243
680.482806
682.945079
685.314518
686.323720
687.656642
684.909612
684.031238
680.538847
680.865833
675.124197
677.965817
674.999122
676.060297
670.681717
672.874329
674.368051
674.374223
672.010059
675.474311
668.384206
673.466390
673.497804
670.586426
668.865565
669.137761
672.478989
664.897644
666.475726
662.341020
659.212386
655.322826
653.651954
652.076582
647.695987
644.593860
645.830845
644.723426
646.324834
640.429540
635.309279
638.940605
636.418442
634.250127
629.213169
629.562088
629.512893
628.581517
622.196261
626.143253
624.075791
622.249017
619.585705
619.771103
616.058089
619.099007
612.414293
611.200718
612.516054
608.222326
606.308033
605.554031
607.752950
601.421719
597.609801
600.820959
597.541625
598.351781
599.461738
595.438062
593.064488
593.601423
592.496997
590.824109
589.635580
582.746397
578.288730
577.547496
575.423660
567.934872
566.850941
555.967113
564.096983
567.593827
558.513753
548.770643
565.054295
558.164657
563.326365
551.261596
561.463496
544.178925
554.311649
551.235393
550.643213
551.568376
537.702388
545.332253
550.884523
548.919317
549.366717
553.495793
515.723210
533.722086
539.210610
532.862235
514.969431
534.787225
523.598845
520.704181
530.428692
528.587646
524.628161
513.401061
531.018252
533.855839
523.874194
532.319090
532.530885
530.760060
509.660804
527.698733
532.221407
531.905155
518.249022
522.578133
510.032052
522.831569
512.099151
515.614834
502.053837
517.447758
510.124603
523.421813
527.498002
518.137507
525.036308
515.775795
518.329558
524.226962
513.821234
516.484429
515.976743
515.772985
516.934615
523.174533
525.231160
519.556976
505.508106
517.720134
523.815642
510.880442
518.180764
520.602187
523.361691
526.288067
530.175687
525.690017
520.843580
533.341534
524.575495
521.585963
521.777112
525.742043
540.116732
528.447739
517.743187
529.820879
523.016012
516.546596
526.746554
518.384488
525.872968
504.774595
499.871479
514.563478
510.806170
512.139494
522.632611
506.384809
506.286177
515.655929
511.047709
507.309411
500.928074
484.633155
473.387156
491.854491
481.536657
483.702392
477.025475
481.324642
482.390556
472.958962
485.845829
475.151650
468.412678
467.193981
479.378648
478.620803
473.770503
473.471751
470.935256
465.912774
455.157507
471.028478
463.852918
452.488918
462.801893
454.421549
443.827156
461.734613
440.071617
446.634956
456.209355
450.200216
434.091753
453.950254
437.331411
448.463679
425.096072
420.897549
442.600908
432.891752
425.473286
421.498896
426.546893
435.214712
439.751433
436.017225
427.726418
417.354300
418.585048
441.526791
422.642508
428.385045
432.509590
430.859563
425.218506
427.208754
434.896886
423.127004
419.659950
440.113097
433.962664
428.741280
428.755809
437.081145
427.214716
438.478098
438.653389
446.436840
417.755661
430.809484
434.714825
428.905270
423.041142
451.518539
457.598458
435.684381
436.782039
441.193360
444.420327
446.464345
432.034820
440.853862
443.050747
437.415922
457.779599
461.111256
466.674033
501.154485
520.225259
522.607731
546.566036
538.363198
543.138020
559.978844
556.459236
546.451298
546.087543
546.607466
546.309349
536.399546
537.220348
550.595394
557.671431
578.604604
573.525939
572.384593
583.251900
575.095939
573.839108
557.883251
573.944207
573.433306
563.418406
549.797257
546.631749
561.805300
548.026984
599.419286
612.939629
612.828595
578.675581
594.456613
560.216602
522.870674
510.771776
513.322218
524.798283
543.756820
562.412884
575.358390
571.883749
573.502920
577.997242
573.350618
557.266340
589.433610
569.255199
569.088992
555.749245
558.028212
551.489959
530.963958
534.424918
535.416341
527.689984
519.614054
523.115358
504.943792
498.057764
500.294302
491.408766
481.348634
479.652913
463.404232
471.538495
466.253366
453.906792
442.853670
439.268204
445.121012
452.598673
422.936877
434.905139
446.360568
438.472035
440.570209
440.427788
434.272208
437.348969
451.581076
439.787609
437.458555
417.228790
405.394895
409.005094
400.198517
415.535560
421.888470
421.872809
418.229947
441.739174
440.431291
435.012582
428.195934
437.733322
420.648204
419.915564
400.872102
407.413305
397.530382
378.464754
382.982421
386.956569
388.697973
380.211703
406.450955
399.116907
387.687213
376.792975
366.872367
350.408087
347.721417
329.207509
345.136448
360.429840
343.385918
327.179891
332.867986
341.936142
327.011973
327.649504
304.376257
327.716113
328.826483
322.144790
321.135443
316.882253
313.071290
291.459490
299.991705
294.817298
295.812267
289.278116
274.083680
279.903986
270.155627
267.715247
258.640050
260.787181
258.825055
262.064998
262.226741
252.990037
258.439024
240.600578
248.080422
248.759420
241.709620
240.957602
227.985895
221.179871
234.575789
232.131552
223.222113
226.622864
220.646972
229.238303
225.329426
224.359367
236.691677
228.949080
215.954036
216.751912
223.149039
207.292273
207.154156
216.559140
216.662086
219.461141
218.176201
208.476702
218.758112
211.801473
217.024782
217.159583
207.450803
216.559703
214.158797
209.221996
190.103054
206.602904
196.639161
205.027075
201.794557
190.774834
188.580693
205.356103
197.436719
188.537694
187.586922
198.400734
189.025499
188.887347
202.434022
206.047130
204.405711
191.046911
196.842868
210.657097
195.093118
208.863886
201.509451
198.970259
201.628054
204.696104
196.364389
197.881167
196.176576
206.291485
191.552241
183.572608
186.008084
194.727859
196.929921
181.229595
192.475388
182.439408
181.552949
193.757521
189.993586
182.014863
186.516978
200.233935
183.067075
188.737021
198.053387
186.502382
183.023299
185.973727
198.246501
194.672800
194.127367
202.853263
192.815373
196.297307
210.443830
210.073814
205.486531
219.052928
215.061810
219.474318
207.848408
221.120447
216.208521
214.646355
221.974439
237.853659
230.202776
232.627068
234.964968
237.187296
238.522458
239.942495
254.244973
238.193280
244.118738
265.775566
260.718949
272.294930
253.209798
280.370676
265.956415
273.837579
277.850892
290.032512
286.646203
303.353629
268.941693
269.882722
275.465346
291.584812
284.456470
283.549830
290.649202
301.273131
301.545333
297.416849
313.273564
328.901763
323.119948
330.199884
330.532424
314.610759
329.532027
327.340434
321.643719
325.575501
333.386504
340.617917
343.584435
339.831381
353.474525
345.165123
339.968589
353.570123
369.599623
351.660236
353.278772
375.114177
365.349340
367.049607
385.539793
386.530569
377.691881
373.887095
393.525346
375.212970
379.291182
386.199559
385.788480
386.140735
386.207616
419.537788
358.714305
441.551807
451.513746
457.150638
458.562258
450.486647
451.693399
451.347977
457.472241
450.633181
455.585880
455.999697
458.976816
463.817644
459.411905
462.969741
459.778741
461.507079
465.713258
463.387069
464.968219
467.190438
466.033377
469.426864
464.507089
465.061749
464.830111
462.354997
460.001323
465.443356
460.914982
462.479351
460.587248
461.295997
465.658093
468.160016
467.799038
468.726355
467.358531
469.745494
467.592195
466.265189
468.098512
469.053296
466.460633
465.922801
465.895591
459.817417
465.884525
467.536868
464.790535
463.566744
464.821923
464.994384
463.751336
466.770774
467.148319
468.730915
466.051369
471.874171
469.266163
466.416672
460.106363
462.055882
456.823237
459.312567
460.047740
460.601442
464.746894
459.099451
457.041824
459.025854
463.552451
462.927493
461.359704
460.196204
457.347704
454.642747
457.595815
460.994328
460.606809
459.833666
460.221221
460.351751
463.548285
460.223213
463.951867
462.181057
461.279950
460.361984
458.918354
457.939315
462.176695
452.756031
452.958562
452.572831
453.784016
444.781032
445.117023
443.119279
439.760376
443.100652
448.078415
453.656804
463.669194
474.790551
481.657708
485.401973
485.902581
482.891270
476.993971
472.219227
472.264037
467.567997
463.528246
454.833605
456.264118
449.994489
451.608645
452.583399
457.708511
454.855618
455.259535
453.052000
446.642379
444.448325
444.187336
441.094210
442.106728
434.598327
431.804462
435.964071
430.930524
429.355456
427.148785
431.132031
422.534722
424.202142
420.909909
421.407554
413.602408
410.707338
408.528781
407.904384
413.019220
407.397920
402.306651
403.099285
398.668538
401.988576
401.499492
399.106992
392.679900
398.759013
394.863891
392.791930
392.880576
388.616066
392.736690
392.418206
392.597721
390.098236
390.649067
386.574911
378.039571
371.188080
371.131428
370.190289
363.915775
363.054672
361.342657
357.151338
355.262984
353.492807
355.379946
357.606017
354.512993
353.256510
346.403484
345.162212
341.237472
336.439436
336.192905
331.612308
332.563113
332.682468
328.557648
326.832718
326.310910
322.731472
321.707932
320.700544
316.566829
320.672318
316.755783
315.760329
313.767637
314.659788
312.657634
313.189485
303.433251
308.676550
304.610848
305.646039
306.932651
300.106753
299.193024
298.957449
296.057225
297.349037
292.051324
293.404149
293.305442
292.465106
296.731233
294.340823
292.922527
298.285306
293.527966
288.768785
287.913464
286.633675
282.414131
282.700838
281.889451
281.240654
278.885218
281.641696
278.343380
278.703735
275.784756
279.073943
283.413094
278.597071
281.127908
279.207937
279.433357
281.035498
277.682137
280.312843
278.038808
276.095246
277.371041
276.483464
277.710916
275.693688
281.912093
285.372085
284.145488
281.567456
281.613356
280.816474
277.799418
280.324613
280.961399
282.165992
282.225296
280.194948
283.078027
276.604526
277.533025
276.322501
276.913757
276.330399
275.426723
277.384238
276.038770
275.592586
275.133061
279.715504
279.170804
278.069054
281.237784
281.082060
284.399472
279.727743
285.057099
285.725426
287.328913
287.832706
288.063246
291.883117
294.846767
297.656871
299.702667
297.586811
301.137395
301.268572
301.402927
304.445649
305.219487
304.984672
306.698892
303.144556
306.483067
313.058976
314.282459
315.299235
314.295343
312.175194
311.868560
309.996681
314.164953
312.681934
310.918433
310.118852
313.087600
308.720226
309.609614
312.512328
311.668469
309.836724
302.856793
305.821304
309.474342
307.829208
309.097740
305.973398
304.409984
297.149156
298.257931
300.444066
294.811617
297.799770
297.866385
296.603408
296.448490
294.176877
292.717603
294.180512
297.322656
294.448966
295.973902
291.775525
291.182503
1.462279
-0.478374
0.098439
-0.443808
0.894740
-1.672170
0.445660
0.621746
-1.284310
-0.177276
-1.243013
1.445679
1.172091
0.331910
-0.365095
-0.746822
-0.328838
0.359891
0.447313
0.239058
-2.020140
-0.044799
-0.383444
-1.550983
0.128210
0.097148
1.077201
-2.453247
-1.662509
-3.643790
0.552104
-0.769321
-1.695273
0.797235
-0.813328
-0.691800
-0.124971
-2.906551
-1.775449
-0.816090
1.046603
-2.310757
-1.119659
1.823297
3.369887
3.454340
2.406829
-1.042136
0.198529
2.334339
-3.039342
-2.047053
1.821068
-1.231817
0.963504
-1.549363
-0.696167
1.172090
-0.882387
-1.153806
-2.567539
-0.594121
-0.240537
0.290488
1.968116
0.832525
-1.266446
0.819525
-0.853588
1.894577
-0.338231
-1.791319
-2.331608
0.717318
-0.634408
-3.347673
-1.439033
-1.019892
-1.891637
1.400528
0.073312
-0.186735
0.662006
1.700721
0.752596
1.988849
-0.655607
1.513832
0.510343
-0.274997
-0.101753
1.391281
-3.308258
-1.321900
-1.330026
-0.919028
-0.577467
0.821567
1.924969
0.521105
4.124830
2.997066
-0.333390
0.524457
1.860280
0.149602
-1.412426
-1.842258
0.196227
-1.745245
0.022281
3.653149
-1.862314
-3.169752
-0.033534
0.692578
-0.388040
1.148966
0.731894
2.059285
-2.552571
0.516421
2.103006
0.601483
-0.694355
0.828831
-0.386278
-3.326872
0.037224
-3.138612
-1.545535
-0.960858
-0.638285
-0.574774
-1.338232
-2.287604
-0.112941
0.776388
0.374074
-1.052614
-0.125238
-0.463523
-0.626466
0.333959
0.246635
-1.191564
-1.023321
-2.562123
-0.309040
-1.112886
3.086592
-5.486826
-0.250285
-2.129098
-1.206632
0.210083
0.924414
-3.393254
0.264411
1.874531
2.348007
1.055876
0.482760
0.370163
0.707118
3.585735
0.624687
-0.923235
-0.448265
0.357754
0.274873
0.818925
-0.001827
1.065109
1.054598
2.591411
1.185704
2.531196
-0.577613
-0.386765
1.774538
0.770718
-0.008377
-0.929570
1.505569
0.193980
0.056035
-0.950051
2.212036
1.700845
-0.302909
0.734446
1.804839
-0.080488
-0.145328
0.823469
1.292057
0.057322
-0.203014
3.059154
3.164383
0.388842
-0.049538
-1.167551
1.014840
2.229035
-1.104237
-2.505880
-0.029016
-1.043476
2.673948
-2.360284
1.147977
-1.890253
2.308664
0.055190
-0.858369
-1.491503
-0.050341
-0.263416
-0.135563
0.990249
-0.663550
-1.102188
-2.831410
1.798808
-3.073328
0.440448
-0.126684
-1.203354
-0.779876
0.089649
-0.503869
-1.307516
1.070608
-1.618174
-5.408328
2.097208
-1.005776
-0.468423
0.136245
0.055247
-2.841543
2.021706
0.199311
-1.222396
-2.901650
-0.214293
0.904323
-1.388595
0.500070
2.191814
0.421334
-2.967393
-1.010271
-1.122547
-1.617831
0.726347
1.969931
0.142907
0.265988
-1.331099
1.595001
2.163832
-0.117067
-0.566164
-2.843756
-0.084835
2.285267
0.880959
0.718175
-1.386436
0.977002
-1.188495
0.814497
0.195203
-1.620833
-0.216048
2.113407
-1.946132
1.504815
-2.504178
0.417919
-0.385584
-1.105808
2.055431
-0.659041
0.173372
-0.624990
-3.329476
-0.283344
1.277420
0.666611
-0.039893
0.628084
-0.058032
1.148936
-0.342550
0.678121
0.998073
0.216976
0.164656
-0.691615
0.436962
-0.345150
-0.857897
-1.081586
0.198366
-1.180523
-1.052648
0.070560
1.656599
0.973952
1.868014
-0.797003
1.177813
-0.699932
-0.072906
-1.126768
0.147685
0.701536
-0.606480
-1.090392
-0.466779
0.255461
-1.006392
1.183603
1.056278
-1.262238
2.045188
2.844067
-0.212127
0.592515
0.114824
0.859372
-1.625449
1.091344
-1.918642
-1.494253
0.297596
-4.369963
-1.976871
-0.888568
-1.336416
-1.147130
-0.841456
0.696428
0.644683
-0.651526
0.228504
-3.196682
0.603834
-0.692987
-2.444783
-0.488009
-1.485220
1.670234
-0.719990
0.017117
-0.759294
2.262796
2.172017
-0.621575
-1.382447
-0.174766
-1.731096
-2.828470
1.318146
1.340577
0.638117
-0.747880
-0.233372
-1.801516
-0.572222
0.136731
-0.150755
-1.583524
0.001292
-1.302496
1.980715
-2.248562
-0.081002
0.430566
0.704364
-0.569428
4.069953
-0.538164
-1.334567
-0.584703
1.960309
0.919699
-0.391780
-1.071554
0.055349
-1.043223
-2.437021
0.665908
-0.683539
1.768341
-1.740161
-4.453277
2.827198
0.912925
2.688033
-0.940115
-0.670851
2.307583
0.258545
-2.110323
7.442582
0.441583
5.357771
-3.131008
0.257083
1.661265
1.081812
-0.359494
-0.870536
2.374738
-1.792184
1.824076
-2.076493
0.362912
-0.138609
-2.130399
-1.476440
1.115250
0.100097
-1.472997
-1.064954
1.099797
-0.139087
-0.168370
0.804593
-0.604946
-2.177101
-1.472872
1.465862
-15.117726
2.731669
-4.130984
1.174761
-1.978011
-1.338604
-1.619783
2.557354
-0.644192
0.812349
-3.771697
1.570325
-0.886995
-0.032983
-0.333270
0.550667
-0.946222
-0.110004
2.144407
0.478820
-0.529399
-0.674279
-0.043090
-2.409520
0.115588
-0.291923
1.662187
1.006555
2.631731
0.435449
-0.706321
0.515939
-0.017027
0.658178
0.032596
-0.187925
2.364136
-0.566963
2.803170
-1.497800
-0.214176
0.041235
2.617842
1.284756
4.089178
-0.876656
-1.277824
-0.940066
-0.490592
2.644387
0.604518
-0.906501
2.227801
0.099271
-0.970297
1.558324
-0.608917
0.330666
0.296688
-0.659607
0.416651
-8.231797
3.230358
-0.457648
0.795949
-0.629097
0.339202
0.569658
1.271209
-2.909563
-0.650577
1.423467
-0.169057
0.210833
5.740599
-0.886934
-0.258916
0.764246
-2.966319
-0.090631
0.452690
0.664416
-0.776140
-3.151270
0.267173
-0.195863
0.119144
-1.377089
1.617950
-0.546340
2.354967
0.978477
-0.291113
3.088327
-0.772453
0.108275
-3.334505
-0.189082
-2.329915
-0.398093
-0.579537
-0.854225
2.105815
-1.324386
-1.820090
0.741253
-2.899740
1.018710
1.951014
-5.426480
4.224763
0.794045
1.301110
-0.566679
-0.079302
0.073045
-0.371189
-2.946148
-2.624687
-2.255878
0.408963
0.505037
-1.177668
0.105693
-1.876302
-2.042000
3.065734
-2.112146
0.661369
-3.709811
2.478855
1.339140
-1.305205
-1.270184
0.175290
0.633419
-0.290101
1.692259
-1.746016
-1.166050
-0.034066
-1.057659
-2.440424
1.883611
-2.002697
1.390574
0.420201
0.103990
0.283854
1.284351
-2.418278
-1.742227
-0.592039
0.523589
0.923366
-0.825343
2.320333
-18.347216
19.356671
1.955732
-0.989964
2.188784
1.146991
-1.778604
2.693883
-4.255696
1.264978
3.692297
-17.702762
14.016495
2.574652
0.532458
-0.986784
-2.264881
0.042000
-3.935095
-1.844458
2.688358
-0.313956
-1.245844
1.821903
1.220305
-2.467436
3.396090
-0.354031
-3.515377
0.292907
15.689298
-5.467676
-1.375935
1.237007
-0.491587
-0.594344
0.088730
-0.305568
2.534217
1.016701
-0.042232
3.159922
-0.285195
3.446413
1.979171
-0.304958
0.522956
0.286307
1.531705
-1.164813
-1.935971
-0.003098
-0.568048
-4.011435
-1.066371
0.784781
-4.278637
3.102363
-0.288918
0.409706
0.156130
0.836970
-8.740133
-1.067107
-0.535774
-0.075445
-6.140264
1.184347
-2.557885
1.099074
1.895817
-0.401479
0.724599
-0.365563
-0.829641
0.317530
1.066734
-0.183607
-0.105595
-1.546876
0.948469
0.859741
2.476574
-0.053144
-0.525461
1.656002
-4.471268
1.433961
-0.686174
-0.690556
2.358336
-0.802295
0.092863
-0.566374
1.822734
0.100045
2.258644
0.347718
-2.512585
-1.222338
-0.352466
0.791251
-1.109711
0.558853
1.617316
-1.061528
1.968126
3.332151
1.286205
-2.922237
-1.915455
0.054863
-0.289119
-0.425107
0.291400
0.300481
0.869181
-0.170867
-0.868288
-0.086449
0.094463
0.091599
0.454403
-1.170302
-0.468848
1.483280
-1.177005
1.471014
0.604672
0.374566
1.836733
-0.310474
-0.492393
-1.031146
-1.004453
1.270447
0.212182
-1.235453
-2.200901
3.280173
-0.300967
-2.663177
-1.664610
2.803571
-3.456504
0.370951
-0.337781
-3.931584
-0.755278
-2.311051
-0.328037
0.450265
1.829646
-2.478036
1.144971
-1.786753
-0.385602
0.883252
1.233043
-1.236531
0.198585
-0.152101
2.092040
1.237622
-0.430661
-0.810465
0.276296
-0.639573
-2.031251
1.352466
0.121801
0.694229
1.085807
1.404529
-1.004395
0.757588
-1.062309
-0.168746
0.115448
1.029995
-1.283973
-1.995282
0.800687
1.857149
0.079511
1.008827
0.739852
-0.754714
-1.861616
1.337636
-0.684909
-1.813526
-0.716124
0.401322
0.247147
-1.134968
-0.619965
0.843116
1.754400
-0.803464
1.896963
-2.004402
2.791993
2.746600
2.721435
1.884201
0.149593
0.923100
1.407151
-0.792959
-2.101654
-1.686392
-0.562600
1.168268
-0.468001
-1.807072
-1.485133
0.621735
-5.577586
6.267490
-0.322760
2.504579
1.695071
1.931151
-1.645587
-2.620422
-0.526547
1.445264
-1.233450
0.842684
-0.170348
-2.988453
2.358068
1.438199
1.077962
2.358772
-2.028653
-0.747747
-0.612293
1.837523
-2.041279
-0.178943
-2.586527
-1.632380
-1.448138
0.402634
0.494944
0.807669
-1.774015
-1.260142
-0.279260
3.485587
0.065549
0.350274
-0.174581
-2.830513
0.422560
-1.532602
0.700859
1.494858
1.694437
0.019915
-2.444575
0.355595
1.606683
1.006584
-0.375618
1.552634
-0.935740
3.968479
0.115718
-0.803380
0.181353
0.029431
0.370645
-2.413085
1.654911
-0.089077
2.001832
0.792169
1.442462
-3.240108
0.062059
1.686841
2.601491
0.711668
-0.291198
-0.905412
-0.824365
-1.043660
-0.537652
-2.979423
-1.879443
1.047883
-0.973754
-3.510967
-0.838025
0.903366
-3.025889
-0.758269
-1.315000
-1.387154
0.666946
1.690505
-0.273668
0.828743
-0.421881
0.588612
0.985603
1.118329
-1.416455
-1.796280
1.245023
1.087236
3.903553
-0.176360
0.676519
-1.671222
-1.001540
-2.330329
-0.258831
-0.265921
-2.371931
1.880025
1.721993
-2.330892
-1.345744
3.780091
0.810148
-1.099948
0.822652
0.108723
-0.744958
1.762791
1.017480
-1.237681
1.173156
-1.996703
1.362714
0.453012
-2.168723
1.406141
0.357172
1.452906
0.984897
0.768053
0.975030
-2.049359
3.035382
-0.629418
-0.584071
-0.315130
0.699916
0.625967
1.171333
-1.349503
0.188154
-0.474027
0.333017
0.787390
0.920069
-1.433504
1.237440
0.083503
-1.782164
0.183030
0.499227
1.075274
-1.053101
-2.092556
1.833776
0.672729
1.944780
0.049787
-1.099719
-0.255805
3.234756
1.277385
-1.846705
0.716412
-0.762182
-0.215701
-0.377639
1.778090
0.772709
0.528977
0.275149
-0.391252
-0.818420
2.774023
1.119234
1.562148
0.410889
1.748154
0.251720
-2.568616
3.179386
2.586120
-1.600971
-0.123876
-1.057718
0.424773
3.420518
-0.785401
-0.302269
-0.595169
-1.689939
-0.794883
0.655666
-2.166170
-1.468206
-4.141809
-0.139030
-1.775908
2.099993
-0.324080
-0.359736
-1.379188
-2.176792
0.028655
-0.452524
2.302919
0.913022
1.452502
-0.778648
-0.090304
0.146559
0.794954
-0.957091
0.446464
-0.985589
0.909468
-0.868779
0.316454
0.328854
0.729403
-0.035576
0.218936
0.681518
1.629297
0.242584
-1.148191
1.467264
-1.436558
1.547035
-0.933496
-0.286020
-0.594901
-0.342993
2.573373
-1.106887
-1.369013
2.702510
2.615767
-0.233057
0.548880
0.348406
-3.237784
-1.662868
0.795030
0.687858
-1.336503
-1.002355
0.168775
2.204498
0.100582
0.968943
1.310011
-0.753971
1.266959
0.868591
-2.872505
-0.658636
-1.251309
2.042893
0.785104
1.486246
1.195848
-0.548980
-0.011581
2.053199
1.518720
-1.523458
-0.415440
-2.162682
-3.431976
-0.335288
0.916136
-0.604635
-0.306980
-2.177809
0.807724
2.409669
1.744008
-1.145622
-1.602851
-1.489943
2.488069
0.480581
-0.335029
0.544314
-1.291775
-3.350313
2.246829
0.909581
-2.918654
1.722195
0.186232
-1.350474
-0.510035
-0.381511
2.025362
-0.015983
-0.262524
1.253879
-2.212726
-0.587412
-2.748695
0.235804
2.744399
-1.371087
2.385858
1.397311
0.976933
-3.068463
-0.119597
-0.146647
-0.421141
-0.560668
-1.274806
-0.186423
2.236175
2.174799
-0.895291
0.697229
-0.941433
3.321134
-0.580727
-1.508820
1.451628
2.395908
0.042548
2.345340
-1.241878
2.703608
2.055454
-1.298565
-1.166370
-0.366228
-2.000126
-2.252037
2.302917
0.038391
-2.247364
-2.046623
-1.483710
0.145756
-0.522958
1.604310
0.276139
-1.943153
0.154642
-0.196707
-1.207665
-0.636586
0.396409
1.006143
0.571635
0.465385
0.287539
0.183528
1.065087
2.675870
0.396628
-0.941259
-1.626623
-0.736315
-0.533426
-2.992352
1.985704
3.183506
-1.622730
-0.205924
0.533273
-0.469203
1.116358
0.616491
-0.710411
-0.175913
1.731199
-2.801974
2.508803
-1.521175
1.710703
-0.854578
2.222880
-1.413572
-1.666933
-1.271784
-0.002664
0.551251
0.166718
-1.789465
1.465821
-1.797442
-2.407231
-0.877850
1.276915
0.796910
-2.708865
-0.166880
5.190468
-6.810867
-1.041252
-3.200173
-4.186322
8.937592
-2.333017
-1.426928
-2.780810
6.746484
0.604955
-7.030823
-0.273792
-5.618810
1.363133
-4.169901
3.976810
2.008383
-1.775462
-0.475727
-0.721886
11.423939
7.806399
-0.270681
-1.284951
11.944735
-0.006800
-0.287970
-8.253629
-7.511730
-1.987322
-2.155457
-13.565976
1.550123
3.772715
-1.790386
-4.857408
-1.830666
-1.813277
-1.962632
9.287684
-3.897624
1.210142
-0.704385
-4.456704
-5.240970
-0.380953
6.078744
0.598259
-2.897179
-4.286625
2.002693
10.678069
1.564258
-5.185097
-0.805621
-7.867859
-4.251706
-1.002045
-8.538917
-7.029954
5.047584
6.684862
-6.245932
-6.977990
4.033543
0.698343
-12.538645
-0.510906
-7.419428
7.693906
-0.199072
-7.833065
-2.634447
-14.114857
0.480662
-9.052747
-2.590946
4.925537
-2.658812
0.495771
-5.201213
5.971900
5.869949
2.528707
-2.360627
-11.447431
-3.288222
-2.858652
2.550269
6.182134
-3.973927
4.131792
12.266339
4.392835
-9.462272
-8.264304
4.108426
3.831663
14.108240
-5.705085
0.495312
-9.075418
-2.615280
-20.895793
-7.331151
-3.895240
1.230871
4.762415
3.834631
2.817831
2.371017
-6.791196
-2.752706
5.851077
6.499552
-4.685661
4.053946
5.239415
-1.909339
-2.740881
-3.704131
6.466099
-10.418176
0.123427
4.197767
12.415829
9.168823
-3.207934
5.049190
-2.683837
2.528918
5.429379
-1.067787
4.566574
-1.185919
17.160124
4.401663
-10.430040
2.440439
10.088502
-5.181727
4.205459
4.715951
4.222392
10.177017
7.524065
-1.379534
2.652200
5.098182
7.447629
-8.933360
5.188559
6.000901
-3.123715
0.945566
5.761126
-3.864364
-6.313969
-0.642486
-11.612926
-1.885125
7.341937
-1.411414
0.826534
3.815392
3.886565
0.697565
-2.499254
3.414233
-0.186384
6.419246
13.545073
-11.111167
-4.527767
-2.009133
-10.343562
-3.350609
1.860490
4.211246
6.505006
-13.109683
-3.289011
9.872773
2.178415
-6.464940
-0.012560
3.894458
4.917484
-9.165832
-1.241087
5.562966
-4.529606
1.663420
14.241777
3.734625
3.756263
-2.361442
2.033265
-6.478516
15.162638
1.820234
-0.896801
-3.090721
4.512646
15.040708
-3.120869
2.598371
-12.973095
-3.945578
2.969636
8.188801
7.129030
-11.995497
-4.630347
4.233792
4.060584
7.826570
3.171387
-9.135362
1.229636
0.058240
-2.113592
-4.517429
0.223957
1.328026
-1.582271
-1.773918
-0.501436
-0.570525
1.472189
-0.351510
-0.610708
1.159536
-2.373191
-11.177703
-3.287674
-6.962797
6.974013
1.434849
-1.141895
6.434589
-0.107318
8.643012
-2.373593
-6.601904
5.416103
2.257751
-8.324658
-4.691454
-4.308171
11.162585
-1.116373
-2.769336
-2.760163
-3.933740
2.838385
-5.367249
-1.372807
-6.886749
-9.639772
-2.506511
-0.087302
-1.211081
-9.672316
-2.569054
12.177859
0.569296
6.395872
10.110452
15.711966
4.940573
6.432900
2.679333
-6.992742
-11.989829
2.996525
5.118251
-10.787347
0.367425
-1.746977
10.227347
-0.107892
-0.413046
-1.468263
-0.953156
6.050379
8.281896
6.954649
0.859568
-10.850702
6.071635
-5.902828
-10.268704
-8.893638
9.472845
-0.709568
-2.675717
4.904159
-1.105435
6.174571
-1.172277
4.221216
-4.236967
-2.843923
9.650708
-7.843542
1.736829
-8.932921
2.025757
-10.990634
-0.759612
10.030574
6.064681
-4.466879
-7.490145
1.732298
1.545311
-3.456553
0.169497
2.561451
-9.657181
8.100910
1.739786
2.537784
-1.287905
-7.963149
7.716675
-0.023091
9.955166
-3.653476
-4.663347
-5.808668
9.414837
7.330614
12.002942
0.346791
-3.984391
-6.136853
-6.717078
5.288166
2.658445
-2.233344
1.585537
-1.165222
-9.710187
5.079582
10.874766
7.288634
11.729173
0.892504
4.832098
3.348392
9.733835
-7.836954
4.258240
2.325158
5.203388
1.852272
-3.992673
-4.611078
-0.820981
-8.718929
10.210899
-1.211276
-8.610648
4.492556
7.643772
-10.117656
6.424673
16.144410
-1.755694
-3.146760
-6.404999
-7.688057
6.776578
-1.492496
-4.174480
2.802371
12.821555
4.381763
-9.806807
12.913108
-2.324408
10.020334
10.940924
-1.634857
-5.606752
-3.662760
-8.001703
-0.613009
11.117190
-9.421921
-2.098327
-1.789993
-1.616217
7.467200
11.386671
8.606620
8.961867
17.333402
-0.435946
-10.278008
-5.962591
-5.308804
-7.376994
-10.463182
6.981315
-2.192612
7.820610
9.974584
-3.244284
-6.284280
6.384894
-0.096155
0.951425
-4.167235
6.535377
8.047110
8.452722
-1.794142
0.881176
1.269337
0.641555
0.424710
-12.124701
-1.489309
2.026532
0.573805
7.957621
1.438308
-13.833682
-4.813580
2.188853
-12.775456
-10.054892
10.825728
1.691622
-3.660630
4.550716
11.568183
-2.592867
-7.013958
8.456159
-6.419011
-0.619949
10.716559
-2.530114
7.616382
-2.355842
7.381457
-4.325350
3.655280
-6.122136
-10.800091
-0.318277
8.217129
10.255128
5.064529
4.846372
-5.832321
3.762420
1.123808
4.992810
11.526784
0.335203
3.074917
1.783182
-11.612879
4.714586
3.722185
6.002568
-10.990494
-5.917008
11.933846
-2.011429
-3.848011
5.115735
5.625827
-0.174129
3.508898
4.024580
-11.131072
-7.713092
-10.183586
-5.758400
-0.956996
-1.820393
8.520565
-9.615371
6.004380
-4.815790
-1.748956
14.966579
-7.334532
8.444842
-10.991521
-4.111232
8.193144
3.875794
-0.372372
6.868483
-0.292688
6.973341
4.589190
-8.462396
-6.517365
6.643294
0.993592
-0.791268
-0.356221
-3.074048
0.622194
1.033253
2.113308
-2.492164
1.715810
0.350051
1.629470
-2.126348
0.777464
-0.137633
-1.456104
-2.934335
0.262541
-0.400607
-1.374892
-0.997117
-1.326713
0.854943
0.833552
-2.352826
-0.701874
-0.706658
0.580815
1.453756
1.278379
-0.910752
-0.042814
0.074864
0.759309
0.369784
1.031546
-1.221702
2.285399
1.189685
-1.320289
-1.391115
-0.137785
-0.465839
0.048523
0.766721
-1.838641
0.268677
-1.230508
-2.074850
2.447099
0.217398
-1.691589
0.702628
-0.406390
-1.899841
-0.691392
1.946672
0.063396
1.945545
0.641386
0.808234
-0.237244
1.480081
0.651288
-3.141383
1.418073
-0.332745
1.307990
-0.762703
-1.653166
1.447514
1.379758
-0.945775
1.399209
0.876614
-0.756204
-1.216664
1.664360
3.874422
-0.027065
-2.073066
-1.095951
1.039944
0.146290
1.131635
-2.956359
2.129226
2.734376
-0.717744
0.099783
-1.600703
-1.215000
-0.909197
0.526473
-0.203778
1.056551
-1.037543
0.075875
-0.777436
0.565852
1.631374
1.073854
-1.466185
-0.887807
1.458334
0.690168
1.750306
1.213290
-0.480620
-1.880196
-0.109995
-0.921175
0.000243
-0.538972
1.081095
-0.039810
0.502434
-0.136799
1.781394
0.908662
-1.157561
0.314579
0.265406
0.270574
-0.475236
-0.882895
0.760498
1.965342
0.049026
2.844218
1.891508
0.558760
-0.444039
-0.797605
-1.045256
1.792130
-1.058406
1.269795
-0.659457
-0.664784
0.658447
-1.054035
-0.228420
1.294676
1.671849
-0.657090
0.813455
-2.240684
0.048528
-1.194920
1.857750
-0.784144
-0.152566
0.988944
0.468912
0.298084
2.035067
-0.627991
-1.617404
2.246821
1.578042
-0.759660
0.051544
-0.833568
-2.728095
-0.074063
0.614548
1.832548
0.754272
-1.020445
-2.425699
-1.212821
-2.447643
0.389706
-0.625300
-0.933571
2.683822
-0.569824
1.497325
0.578496
-0.622473
-0.841097
-2.079016
0.751308
0.707849
2.250495
-2.115557
0.361469
0.292530
-2.164447
-0.379772
-0.286587
1.498946
0.853786
-0.078444
1.055276
-0.220146
-1.510252
-0.049179
0.957236
-0.314760
-0.321625
-0.176940
-0.893408
0.370899
-1.528937
2.117310
0.380670
2.296514
-0.536151
-0.236662
-0.334824
-0.663273
1.727319
1.250065
-0.507449
-1.462954
-0.020200
0.657346
1.234500
-1.659914
2.468361
0.457449
-1.082526
-2.451801
-0.590999
-3.794159
-1.968398
3.301927
-2.869795
0.403016
0.243825
0.971303
0.545655
1.024790
-0.424013
-1.374179
-0.388031
-1.049556
3.318830
0.765075
0.600871
2.089488
1.151931
-4.275875
0.801650
-0.837120
1.703039
1.684028
0.789864
0.854476
-1.310236
2.216364
-2.191218
-1.539278
2.087984
-2.745436
-1.024955
-0.008581
-0.822892
1.746275
-0.217711
0.293127
-0.880425
-1.088396
-0.206281
-0.093298
0.559530
2.299406
0.662599
-0.920919
0.915536
3.907027
-0.158162
-0.410032
-1.472822
-0.175772
-1.560942
-0.535570
0.863243
1.651543
0.808812
0.356091
-0.604081
-1.533777
0.132280
3.671668
0.653682
2.223689
-0.229107
-1.957670
-0.007104
-2.748492
1.342258
1.444504
0.867844
0.349319
0.175809
0.721792
-0.587832
-0.760598
-1.125384
-1.520294
0.846815
1.839076
-1.906403
0.552458
1.732617
-0.063606
-0.887472
-1.271030
-0.155647
-1.105024
1.043652
-0.892232
1.090127
-0.841392
-0.323499
-1.864637
-1.113246
-1.424546
0.061971
1.033240
1.170968
-0.842767
2.894193
0.823121
2.338502
-1.777107
0.102441
-0.106887
-1.635871
0.681964
-1.955378
-0.957880
