420.202768
423.526529
423.522684
423.353556
424.521921
427.998239
430.793985
428.919626
427.242807
427.905710
426.500284
422.645029
422.804636
422.422892
421.323221
421.693186
420.279947
416.611216
415.919596
413.976725
412.828623
409.284709
408.778117
408.983439
405.834330
406.718028
404.569560
404.446422
403.172221
401.505382
400.322490
396.632671
394.701458
391.671764
389.858349
388.936626
387.208324
386.049602
383.427227
381.174664
378.436688
373.669110
374.042004
371.426739
369.228833
365.928052
364.373365
362.562940
364.529401
361.494947
357.780744
355.282575
352.956220
352.837660
351.029280
348.312177
352.326673
350.585432
353.550825
348.198133
351.933729
350.697279
349.566725
351.349500
355.919904
355.781354
359.286573
360.533429
359.535260
358.161847
358.464918
355.958784
355.401716
354.662855
354.861433
350.457655
353.163099
347.861891
347.547194
345.542463
345.830153
344.081129
340.668501
339.642683
344.177656
338.593520
335.811537
339.029616
338.259108
343.104933
338.588453
343.238966
339.477949
347.918440
350.116834
351.210371
353.229109
352.998975
351.841169
355.357771
353.307111
349.008283
352.100141
349.278791
351.133802
349.899672
344.047377
340.064467
339.406477
339.183547
337.093367
333.735030
334.272750
331.998610
331.636489
331.746352
329.439101
328.879592
330.074172
324.820815
323.062240
319.819289
324.370162
324.230544
326.205520
327.603469
329.237227
329.454207
327.677688
327.349837
321.796127
321.619918
319.817825
318.032577
319.279830
319.681564
317.592330
313.695388
311.292923
311.037827
306.664993
305.607834
305.415695
300.565445
300.530106
296.206528
298.332840
298.060898
296.570756
295.438706
295.992203
289.397904
291.478623
288.261399
289.644425
287.512193
288.278703
284.404588
285.034593
284.601274
281.116288
280.779497
280.321733
278.900468
278.101488
279.987901
279.692766
279.744615
274.940172
275.676592
273.868486
273.362322
267.943407
267.293932
268.408403
270.015490
267.529894
267.257769
265.576220
265.337938
265.412462
262.855059
260.556445
262.460619
261.550433
255.687380
258.812579
259.917040
264.722521
260.693285
259.599902
257.818194
258.682696
255.851214
254.389010
254.190921
252.218676
254.794803
252.363192
253.174075
251.183703
253.742114
245.436755
249.248111
245.464847
244.974002
244.690234
244.822955
243.286441
244.490283
241.379215
243.413791
244.692935
240.629611
239.888721
236.482486
238.659046
239.557605
240.446613
237.967777
239.263965
237.562610
235.436786
238.494083
233.116764
231.727283
234.833897
228.744282
230.673985
229.650807
229.660465
231.351551
231.139713
229.527958
228.210911
228.038822
225.502979
227.952824
228.312504
230.374592
227.075764
224.012333
226.887059
225.555043
223.613285
229.153767
229.382267
229.925861
227.811695
226.022114
225.392826
223.690663
220.411076
219.690236
221.140965
218.139988
223.614933
223.424916
223.538151
218.486607
221.804768
219.995396
223.011769
222.272114
224.251316
223.483082
224.792637
225.317646
227.917835
228.244373
231.610005
227.280033
228.195332
226.221913
225.117359
225.845677
225.142384
226.443150
226.865498
225.649998
226.997776
227.387730
228.048756
226.327244
225.961323
225.902226
227.656986
227.943730
227.354374
227.999836
228.173451
226.500980
228.127125
227.685352
230.245442
226.495380
229.290928
228.951252
229.866703
227.848423
228.755894
233.668980
232.480640
229.448429
239.440082
237.944599
237.513065
235.628498
239.606174
237.973163
239.742435
241.167072
242.312961
243.993564
243.945697
242.191089
248.452380
247.880557
246.143878
247.751209
244.697681
248.774204
246.627811
247.704074
246.153201
249.710971
251.991748
253.716540
253.261813
252.467395
249.583224
255.898623
253.312594
254.547946
253.415164
252.140612
253.184604
252.785083
253.607440
254.089022
253.540622
253.418750
252.619616
254.257556
254.053103
255.096972
255.728442
257.511492
255.867480
255.913607
252.742556
255.622958
252.422091
256.387561
256.801104
260.816394
257.704760
256.553912
256.781604
257.133624
259.340075
265.945940
267.773363
269.556322
268.370836
269.008501
269.862871
270.275286
272.661730
274.099565
272.176927
275.243272
278.204698
280.936540
283.019090
282.425431
283.707475
287.952684
286.622666
290.035264
288.871873
289.926103
291.691117
295.196671
296.532395
299.483628
298.224747
302.789566
307.349045
308.575943
309.328842
311.686996
311.918014
315.270431
315.302139
317.101913
318.615249
320.568008
322.348952
327.006759
323.449386
329.436355
327.051680
328.883773
329.441512
331.758254
334.248274
333.696394
336.229445
341.081099
343.279097
347.220808
345.662703
348.631147
354.139723
350.857191
353.843153
356.375349
359.908002
361.076215
364.127210
367.928144
365.694196
366.356396
372.974194
377.147229
378.389447
377.867809
381.052441
383.311871
380.460552
383.924999
387.852062
390.050090
394.124675
393.766490
396.977611
398.164287
400.122844
403.128795
406.781535
407.949809
409.297984
413.495799
415.298777
415.539927
417.831614
420.550333
426.654276
425.990823
430.925119
430.536295
425.977396
422.794443
427.528940
426.955088
425.838449
426.401346
428.268808
429.449533
434.032877
435.026498
438.052163
440.460763
442.774270
444.020852
446.480080
446.179635
449.154549
452.296975
453.039620
451.558632
454.834054
450.484291
459.490731
461.108132
458.028114
457.943672
460.753883
461.667366
463.907295
465.330055
466.603065
468.988411
471.044441
466.338417
468.815010
474.122505
475.153724
476.778571
477.590583
477.736091
481.493812
480.182135
485.716895
484.082679
483.083167
485.093818
485.641211
485.776007
488.796210
488.694434
487.055152
490.547064
488.863867
491.159003
491.951727
486.453131
488.705695
488.763190
492.700446
493.142340
496.359106
494.509253
496.262549
496.621008
495.061834
497.519018
494.949377
494.762244
494.429938
496.814184
498.768194
497.435492
499.111242
503.101049
502.485693
503.321020
498.881536
502.009985
505.922125
506.374792
508.375646
507.490575
513.076574
511.352971
508.648504
507.470678
501.778875
506.567541
509.909978
512.866186
513.308202
512.343419
514.493322
516.833226
516.632299
514.125096
514.498510
516.668981
517.313939
518.549108
519.024938
516.527806
518.245458
519.268834
520.934056
524.038854
521.602330
519.402318
520.750524
518.211400
512.874364
510.750859
516.058812
517.935094
519.325170
521.190221
523.844395
523.337987
524.761082
526.813756
523.553685
522.132726
522.071751
521.221959
520.480016
520.018895
522.090917
519.589757
525.180089
523.160497
522.050450
524.614415
524.397374
526.190343
525.902928
526.272313
526.240147
526.414708
524.965916
524.838963
525.058812
527.824864
527.661168
527.366063
527.334935
527.881627
526.690037
528.373692
527.333592
527.383275
526.297581
524.620702
522.966039
523.057042
525.358861
526.511021
526.585667
526.928074
527.931553
526.034703
526.605687
526.290867
528.902745
528.656590
528.181065
527.549778
530.105870
528.871922
530.084813
529.584996
528.719456
530.498448
527.914525
528.604283
526.546605
528.971654
527.207554
528.716832
531.442601
531.536534
528.356846
527.567540
528.628148
527.708470
527.422520
526.655613
529.283177
531.180088
532.730503
533.792454
533.775791
537.289585
542.742100
544.014743
547.045993
546.068332
545.805820
545.645664
545.233677
544.751621
546.274997
545.866855
542.362095
543.526218
542.600254
542.339695
544.331699
544.928440
539.732090
542.127232
538.019199
540.084690
542.340061
542.799473
541.379856
542.085239
542.425998
543.410801
542.533481
541.689609
544.773349
546.086521
545.068515
543.657199
547.144016
545.792148
547.420993
543.850254
540.102207
533.231541
538.548558
535.506382
538.414036
537.091343
538.388767
535.978062
537.138523
534.709751
535.871739
535.794285
538.001316
538.723423
537.374241
537.417576
536.277805
537.281467
539.896030
539.576695
539.062107
536.616794
541.838108
540.609592
537.855381
535.646275
535.983006
532.935398
536.629307
536.547398
537.793491
534.501621
534.586277
535.938511
533.430454
531.622044
531.328221
530.521946
529.341404
526.292149
523.480931
519.410802
509.361486
508.416845
503.214269
501.588903
502.050146
499.706823
500.820837
498.782538
497.779974
495.424780
497.982428
493.416113
495.882849
496.822363
494.201452
492.752753
488.308142
491.221228
492.586493
489.790106
488.164618
487.101569
486.476508
479.263709
477.591529
479.213538
483.251929
481.850959
480.432349
482.475257
486.845496
491.331610
499.629492
501.883520
503.457067
503.955114
507.186773
510.751440
508.786657
503.982153
504.362860
503.940924
503.769445
501.668554
498.055945
496.895758
494.276099
492.513068
491.727118
495.338385
489.021216
488.331214
488.945807
487.591010
488.999152
485.022071
482.228064
483.056617
480.083228
483.084907
484.115607
484.688544
486.416968
487.667975
491.576209
492.143500
492.774237
493.680945
497.286291
493.580206
496.070776
498.868262
500.165930
498.126135
497.250311
499.651251
498.560156
498.175360
502.022253
495.154089
498.576605
499.036963
493.763891
498.122625
499.691320
501.982397
496.749609
495.520392
496.602515
495.271521
495.673163
498.948950
497.098547
500.188086
502.304846
501.108129
502.206060
505.226660
489.300818
487.483771
486.947180
505.271857
510.299566
506.932012
507.951299
507.000402
505.818365
508.713476
507.224157
507.761144
505.132757
504.560308
504.542730
500.966314
499.672918
503.454260
501.935491
499.290685
500.632818
503.464148
502.223547
499.358770
501.657934
503.309179
504.442053
504.716772
505.056707
501.749365
503.292120
497.783331
496.837164
500.102453
501.153082
500.061346
498.358130
496.472174
498.638281
497.012121
497.820959
496.933600
494.549475
499.698004
504.365850
500.302160
494.944067
492.845129
489.978400
489.251105
491.252814
490.395575
494.851111
491.703070
491.599280
493.483252
489.350959
448.371192
446.290139
449.022531
451.744637
445.339302
448.220620
446.736550
443.744119
442.525094
446.623361
443.820290
444.099130
439.794717
439.765908
442.832101
440.019204
438.695230
438.581369
439.047372
438.312539
434.463662
439.771432
440.781991
438.096688
436.592599
437.015817
435.381418
434.033212
432.953500
433.241983
435.030008
435.430551
433.248056
433.138193
433.039407
433.011575
434.169168
430.247263
432.998941
434.070932
430.815134
428.885111
429.495371
432.313516
431.685342
430.987924
427.111459
429.104959
426.878672
425.338388
427.286478
429.408304
428.232828
422.409800
424.436747
423.784616
425.449930
420.737894
424.343424
426.617716
424.572489
423.867380
425.815805
426.783884
426.220804
426.128763
431.102243
434.184091
434.793497
432.614114
424.654764
417.177805
420.483897
419.101145
416.584177
414.780802
418.394175
415.428233
412.980051
413.944712
413.671000
413.929484
412.960398
411.159220
412.697764
407.506999
408.714274
406.088969
410.618327
405.059886
405.083842
407.049601
405.421244
406.776622
404.345683
404.421550
403.029063
403.163341
406.764720
404.755870
409.408335
413.049052
415.897349
420.890177
428.579355
430.790048
435.711954
439.639260
441.930856
445.052682
446.737466
442.525308
437.020211
430.623148
420.663523
409.588633
401.493083
394.926433
391.325908
392.540722
399.592906
405.659404
389.561351
392.793194
396.963543
395.247325
394.122325
393.728435
395.680339
395.870189
395.068675
395.663463
397.188915
397.429149
396.049938
393.382762
397.440868
398.514385
393.089519
394.194469
392.194316
392.194011
392.653057
389.602764
388.657146
387.625103
385.635998
382.555492
389.394390
382.139996
380.771038
381.006939
380.731823
381.052441
380.828167
379.256573
376.057110
380.694165
381.285259
382.170269
382.229260
381.112682
382.795208
382.924725
382.134777
382.881146
376.126385
377.711712
378.849774
380.033947
378.521984
377.333172
377.895001
378.202221
374.396679
374.142468
377.849072
377.511029
375.104931
372.456799
371.516553
365.501904
368.377759
369.421918
370.244946
370.749859
374.206952
369.737225
368.637830
369.484052
370.786938
372.027051
366.365063
368.964887
368.063825
368.959515
366.973859
371.052289
370.415845
371.023144
370.776715
371.818524
369.336072
368.731091
371.155103
368.630811
366.059186
366.704846
363.531293
365.327619
366.051587
365.608625
361.750562
365.023542
365.684827
364.631360
368.892926
369.979230
370.189678
381.217510
379.831464
367.005017
367.798871
367.366956
368.732434
366.917554
367.167127
368.441663
366.834516
365.603894
366.643414
368.051129
367.924725
369.290479
366.991528
372.764386
370.465649
375.351727
373.276837
377.098828
378.372265
378.476483
378.148693
376.801678
376.679730
379.635998
379.345074
379.183209
378.206524
381.963970
377.706524
378.775585
385.007489
384.014111
380.083752
381.039471
383.887768
385.820446
380.295055
383.414135
386.874951
384.482433
385.914898
383.665752
381.939007
383.413616
381.282635
382.003704
379.473980
376.968121
378.518139
378.942639
378.622082
378.223980
378.750805
375.294323
373.266674
375.436596
371.526959
370.808850
370.610791
370.886578
367.506146
366.947034
362.494153
364.889905
368.043286
367.313336
365.447430
368.033307
369.737592
368.154767
369.746136
369.714368
368.821759
366.866681
364.794416
362.260877
364.051191
363.354962
360.303083
363.133466
360.233411
361.300458
356.626264
353.586073
352.579786
351.254011
353.099348
352.780897
351.245771
351.406232
350.463057
350.108626
349.080395
387.533428
392.625013
346.563336
349.357221
348.953688
346.870039
346.481520
348.491896
345.409590
347.749037
347.462294
346.449720
349.424970
354.227552
351.487715
340.786116
340.494399
343.110792
343.583906
342.869948
338.832168
339.680707
379.064862
377.473524
336.958448
335.858534
331.076583
332.524520
332.827224
329.707625
329.247817
326.551833
330.065749
329.002395
328.946395
325.879592
332.419723
326.807601
325.509963
327.662276
323.993392
323.470901
323.667770
322.123977
323.020675
322.255294
317.692611
322.758315
324.707229
319.146499
318.618728
323.024826
319.695113
319.002303
318.868362
313.234848
316.420639
314.096054
313.617324
350.240340
348.064619
344.996534
349.720869
346.262861
346.241468
346.843214
344.972029
344.735273
345.417524
343.083906
341.853468
339.432875
337.872542
339.756239
342.901655
348.124678
346.170088
347.680891
345.589918
345.044844
343.498457
345.280562
338.589125
335.375319
332.646376
337.158828
333.343550
336.245223
333.480422
332.582717
332.069075
332.980544
332.144606
330.397231
327.384169
327.682876
324.879653
324.685195
326.680831
318.835677
316.327743
317.574905
320.263046
319.127822
319.529769
313.950576
318.841140
317.187759
318.612380
318.431167
317.005569
312.102981
317.346084
318.867691
313.277938
313.784835
315.261612
316.619003
317.021347
318.521316
319.533828
319.546463
320.489334
319.364424
340.305159
338.728407
339.038222
338.706465
340.432478
341.969282
344.207655
335.201246
341.952132
345.760878
347.831984
344.629774
347.037733
348.153761
346.952528
350.541120
349.777021
352.279768
354.812940
354.431532
351.843824
351.931745
353.087995
351.354139
351.518965
351.735212
350.913892
350.527662
347.579328
347.318098
348.205030
349.728926
351.858808
350.021497
352.832563
357.689558
362.632672
375.155041
384.951214
393.602123
393.756969
396.298046
397.975658
399.421977
401.497630
403.416545
401.571025
397.040812
403.591746
405.641612
404.531199
404.234263
405.148234
402.766673
402.051280
405.705852
403.874278
403.317546
403.905955
402.189983
400.365855
399.442729
400.222758
403.060954
401.250285
400.379405
399.910655
408.159007
411.286631
414.640208
416.072947
413.901499
417.762125
416.711436
418.898966
418.252848
418.588267
420.113810
419.842264
419.118631
420.146219
417.497691
413.404673
415.688792
414.336161
412.249064
411.703349
411.498637
406.326365
410.752513
406.978434
408.705943
407.489665
405.298655
411.086497
409.648509
414.918925
423.456369
431.549203
431.365945
430.077402
429.395334
429.943887
430.608347
430.633920
431.566568
431.354959
432.085062
430.155161
428.479410
427.171732
425.192545
425.541758
424.384867
423.422953
422.063120
420.567026
420.124888
419.407206
418.489939
416.652293
415.038645
416.346110
414.066142
413.022959
414.704905
413.243327
412.033030
413.594981
416.652293
415.361765
413.268199
409.642161
412.115214
413.789591
416.140666
412.763255
409.757609
407.426341
406.754161
407.414409
403.016520
401.284435
399.145000
399.814616
399.540874
396.199931
395.788402
394.997142
393.073192
393.243847
384.312908
380.561627
382.552105
377.494213
374.451092
373.027478
371.501599
377.416455
375.186200
376.629010
379.731396
375.889782
369.586132
371.240308
368.852643
366.472058
365.760785
366.122205
357.409680
358.680799
355.997236
356.479292
351.891828
352.979109
349.682752
347.251570
344.936445
341.808516
342.990431
340.370436
337.457075
340.187788
339.039992
335.759291
333.745375
337.297041
339.216811
342.460310
345.554731
345.821211
347.926924
346.677931
346.345564
348.274122
346.025770
343.152418
342.609175
342.449324
344.437483
340.377882
338.965498
334.356886
333.431990
333.913619
331.720107
331.334273
329.799605
328.104415
327.522689
328.702071
324.140120
324.512862
325.100723
323.408401
325.212539
327.148726
330.413009
331.863112
335.944808
336.630751
339.607497
338.388380
337.585463
338.348982
337.164961
334.134841
332.138259
332.816664
330.897689
329.183516
327.019240
324.709548
324.812148
323.122329
322.434585
324.681045
319.499953
318.922042
318.318527
315.887008
316.408920
312.061111
310.355087
308.511917
309.582016
308.496017
309.803421
309.393692
309.533310
311.124863
306.677566
306.652359
307.744583
306.236649
305.338211
306.056290
302.678970
303.724320
300.988694
300.283127
299.876206
298.340378
295.907700
293.132554
291.457230
292.839280
290.245683
288.836411
287.889451
284.703294
284.918321
281.109788
280.458207
281.179887
280.566118
275.539964
273.841051
276.522997
276.481584
269.729448
276.290117
275.425310
277.463396
271.371629
274.190264
271.895037
271.001879
269.075121
269.986376
267.624102
264.637743
258.442431
258.008471
260.408038
256.420336
257.640551
254.190509
255.167163
251.956622
250.517337
251.498340
250.149371
249.301791
249.741473
247.515048
249.432223
244.250674
242.792240
242.081531
240.557804
228.778797
232.078144
245.825992
245.157550
245.736926
244.011401
244.781986
238.917301
240.734592
238.279788
241.035221
238.788135
236.118442
237.379001
232.464954
234.716694
234.316868
235.431507
235.875248
232.721989
230.926884
232.023334
231.502903
229.525364
230.914814
233.167530
229.402607
232.176563
233.309254
228.751362
230.868946
229.122196
230.158466
227.902424
230.585835
227.657383
225.819965
228.968937
228.505955
229.305149
225.067387
222.083790
223.108143
220.735966
218.892842
221.957112
219.813283
219.101933
218.059620
223.711842
219.475789
219.451726
217.468999
219.684514
219.543431
218.557805
219.256215
218.913746
220.716481
220.855595
220.003560
223.242314
220.555546
220.904042
220.212040
219.828480
222.426411
216.465535
217.368214
217.926045
218.193562
217.398976
216.793706
217.065541
213.790654
217.627568
217.249837
216.470326
215.509526
218.100621
217.752583
215.165593
215.943028
212.835042
214.205464
211.822621
213.925740
216.104756
213.119267
215.484578
214.312642
212.462453
214.599874
213.065190
215.487523
215.200093
215.426121
215.956563
217.776021
215.459294
213.625935
213.516469
218.046392
213.367482
216.471333
218.687123
217.036961
216.815816
216.999196
217.135396
217.783635
218.333974
218.597188
218.591618
217.930424
223.127446
225.203770
223.093556
223.810276
224.872868
230.228489
230.278492
231.970829
231.062336
234.514332
234.999622
233.492084
239.633625
240.395725
240.266681
241.010532
237.015552
240.042042
236.827213
239.471073
239.944751
239.144458
239.048862
239.329761
241.837589
239.156665
238.886234
238.798587
241.990207
241.341144
242.660862
240.852145
246.308139
241.065753
241.054111
244.192981
246.071994
247.066714
249.992923
244.038241
246.782779
245.268924
246.643726
247.512622
246.911914
244.211215
249.223392
248.267993
249.498157
247.384143
248.918552
247.501605
249.435870
248.490680
246.270892
250.530093
250.801989
250.797595
250.870440
252.728732
252.633166
252.555224
253.512179
255.694079
256.495684
258.841998
258.939227
263.869433
266.058336
265.448107
268.638292
270.213579
276.638475
281.164842
281.852678
284.258012
283.161637
290.262193
287.874467
291.331742
294.577866
297.964219
298.908585
296.105698
297.363511
296.670609
299.572403
298.213730
302.817917
302.669968
303.421463
303.532120
305.317856
305.661941
311.776626
314.904129
313.017318
316.778763
316.492080
315.821609
320.452682
317.763534
318.681747
326.314498
325.719069
332.112563
335.708113
337.069960
339.440749
337.809889
335.254775
341.855086
348.754652
349.117292
349.920851
352.655927
351.945783
358.970624
363.302381
362.792859
364.768170
370.130200
372.775891
370.261639
372.995618
380.452832
385.158214
388.892040
390.313061
388.463085
391.233928
392.600139
390.977642
393.474315
395.256297
399.136943
399.637981
405.633098
408.440257
410.070109
409.320140
414.068003
416.709177
416.566141
420.210398
423.077158
419.122873
422.964792
428.113443
427.598520
427.424082
425.934702
425.259592
425.684153
425.039133
427.773081
429.335153
433.553659
434.721506
435.157022
437.821237
436.018655
434.039163
435.105356
437.966073
439.642709
440.106271
441.566812
440.900155
443.005105
443.281198
444.303292
448.224038
448.518899
446.112160
449.649972
453.484108
452.335183
455.269204
457.021950
458.656227
461.322914
462.385048
465.052528
464.357155
461.357246
461.643501
462.139229
468.123115
470.148781
467.607917
471.691017
473.407508
474.818550
471.350776
474.759071
478.547675
479.408515
482.314551
482.512488
482.701331
486.812659
483.208960
488.211432
489.623511
487.573309
488.970740
487.845374
486.231909
489.380743
494.802191
495.320532
495.480231
494.724219
494.622839
496.846106
494.749426
496.563421
496.261419
497.714972
497.673254
498.822332
499.162329
499.100744
499.882574
499.192480
499.812017
501.446631
496.388891
499.815497
500.189306
502.329870
499.998114
501.479742
501.382055
502.919287
500.349218
503.794836
505.964025
499.220465
498.403021
503.846808
502.483160
508.106756
506.662145
505.664098
507.866583
507.178442
507.266973
507.389837
509.985265
509.438207
507.700017
514.199682
512.185277
511.063085
511.278600
512.249730
513.648229
510.243291
508.386083
505.693029
508.408727
509.047643
511.575414
510.349584
508.334997
509.193151
515.790075
512.636083
513.323400
508.784490
514.473607
510.217687
507.194006
506.145971
509.469732
508.186987
502.476446
505.451421
510.023016
510.916448
511.924932
509.195409
509.997259
506.401403
509.198187
511.147924
513.315954
512.591893
512.074560
514.095495
510.350744
511.702581
510.750127
513.938329
513.468114
513.324315
514.535314
513.475377
513.092626
515.754796
517.812169
518.019628
515.317968
511.897191
511.130498
511.860021
512.182592
510.961706
512.140600
513.824743
513.439184
512.779393
513.686742
512.656042
510.690282
510.196081
509.245611
510.679601
510.700841
512.426061
513.614904
512.806249
510.719152
510.078039
508.062292
511.606969
510.879857
509.905920
508.030309
506.722539
508.732549
511.855291
511.510595
510.274144
511.719396
512.563268
509.369451
506.484472
506.154119
505.414129
506.492346
508.609014
511.494726
507.575445
504.162267
508.839941
508.071477
507.461828
509.111425
507.857519
509.364721
511.287359
506.231115
510.055120
507.187933
507.125311
506.858831
506.232641
504.372106
504.862799
505.484869
503.018957
508.817388
506.888769
508.637701
507.113043
504.052618
506.031774
506.955297
505.456579
507.564398
508.698339
511.922155
509.883428
507.152196
511.403539
510.542608
511.216375
510.848150
511.721319
510.525182
515.084997
516.310399
515.796239
516.346776
518.601903
517.602574
518.992162
517.918676
512.787633
514.982030
514.142736
515.685888
513.384496
514.262975
518.076329
516.434239
515.772374
512.368688
513.920141
511.969457
514.023046
512.980016
512.696935
513.245214
512.002111
510.701879
513.940099
512.134557
514.944311
513.185399
509.388616
508.986333
507.048589
507.054815
504.660436
507.037695
496.064428
493.822302
491.148108
490.778662
490.453772
487.655677
483.630011
481.394172
480.638373
481.123572
475.291785
475.419196
478.210456
479.260749
481.297340
476.640449
479.705726
478.201209
475.778327
476.096870
474.252052
476.438484
472.279426
471.301063
471.954597
467.019874
467.744087
467.370857
466.331428
466.288032
467.049476
468.247627
472.363868
480.888862
481.685279
489.511054
492.664588
489.793829
493.124915
493.595801
487.775275
488.640540
490.630072
489.017645
488.915259
488.133948
485.606848
486.672675
486.134742
486.965216
485.437690
484.325232
485.387061
481.387793
480.523047
479.369758
477.056403
475.484962
476.165046
475.087165
475.102149
480.892097
480.178016
481.715491
482.085639
488.755622
486.465461
483.059302
487.514625
485.539649
483.139258
483.720435
488.692023
487.549201
488.542517
485.607032
488.839484
489.845404
485.691962
488.671454
487.893408
487.812995
486.962928
486.633094
486.101691
486.395972
483.457770
482.089973
480.122931
481.332862
477.874580
475.363227
479.974036
479.646125
484.033942
482.505927
482.814429
484.750037
486.019843
485.440985
484.714698
485.517340
488.387763
483.135505
483.365393
484.691901
481.203925
481.123084
482.593696
480.204718
481.161903
476.205909
477.730170
478.756873
480.785682
476.781593
476.289161
477.862128
478.327125
472.078834
476.081397
475.573432
475.345985
477.881294
476.293067
477.450752
475.699226
475.757240
475.339790
479.712867
473.055091
472.057716
476.004096
475.427222
476.603614
477.194373
473.655433
475.713844
472.036872
474.160499
471.569221
473.470619
475.169532
476.104102
472.262611
469.382881
471.816414
470.733436
470.370430
468.975959
465.572517
466.841377
464.997627
463.233650
462.494270
462.716347
460.902870
461.902687
459.215065
458.024025
456.803963
455.089241
456.849648
456.191841
456.606819
455.417549
457.110268
457.059548
455.605477
452.679238
450.552621
448.474831
450.965432
450.651589
453.373147
448.844765
449.536538
448.829842
445.946084
445.662759
443.515725
446.040414
444.695138
445.537759
445.183663
446.056588
439.282205
439.981881
442.666482
440.933907
444.945230
440.731820
439.062997
440.809304
438.972604
437.823892
438.756784
438.400491
436.180246
435.127206
437.814676
437.482705
436.136636
432.877542
431.550119
432.471750
432.502389
432.671731
433.678262
430.441049
426.250375
428.792948
430.940164
427.672434
427.426523
430.061227
429.796244
424.860483
422.030924
421.778849
425.822886
424.743082
422.492807
423.544596
421.488535
424.161692
422.870615
424.546701
422.706369
420.737742
420.240854
418.927775
419.802317
420.466898
417.738108
419.065012
419.934550
417.781077
416.162729
418.768137
413.057658
413.192362
409.429759
408.571635
409.403422
407.575785
408.870738
407.852305
402.036265
402.558086
400.782146
399.099925
401.437420
392.937175
388.680339
402.076183
401.481395
403.199626
396.923595
397.931835
385.515178
385.055309
401.779644
397.870158
394.751872
395.757488
396.783214
400.726085
390.716014
387.378521
399.418072
395.124583
391.339824
386.256512
381.468914
395.132183
392.802410
391.769909
383.979290
390.801922
392.932598
391.639690
380.399669
379.491619
385.271862
383.292034
389.483684
389.835644
387.608471
388.926678
388.288158
388.993206
390.788890
389.221416
386.060071
355.120801
373.589673
375.305340
380.842083
382.819256
378.451916
373.230572
379.082715
358.061017
369.056164
379.612561
376.497754
372.947125
361.616711
373.575605
366.198803
378.877026
373.851391
374.914899
372.630871
377.186719
354.173016
366.429090
370.606153
373.712872
380.817669
377.187664
372.184857
372.240430
369.095623
379.179577
376.175579
377.849438
376.346539
377.693371
363.848798
355.891431
373.653425
371.637097
371.337200
377.753216
379.122509
376.266400
370.398572
367.577252
364.805157
373.839215
360.805646
361.776227
364.491895
368.394147
371.353864
358.930921
363.515912
366.199933
357.276899
356.600721
356.915967
367.862683
364.387220
355.022840
373.030408
365.794110
373.790021
375.146100
365.106854
367.827527
369.466534
374.962567
361.879559
368.758680
361.635480
367.969770
369.432721
374.679517
360.851697
368.766920
358.236005
366.042584
368.998121
360.093793
369.973707
364.439313
359.751447
370.567701
362.250256
371.089398
374.859784
369.457776
371.680859
372.275586
350.420361
361.144300
362.555372
369.209668
362.258465
371.047406
372.830274
357.231305
362.302289
369.759656
360.949597
371.716657
369.256604
376.211682
358.598187
376.969586
376.769788
378.068219
366.035137
376.256940
367.074261
366.425885
377.420728
377.089184
371.868023
371.505597
371.000317
370.542401
363.406628
368.659528
374.571210
366.799298
381.625836
379.896343
380.974041
373.433270
367.423138
370.365796
360.969342
380.845044
372.216961
371.922162
363.888287
364.760724
370.514203
369.762738
375.161756
365.234204
366.053692
373.391919
368.194532
350.091840
361.894331
346.250837
361.862196
366.610669
356.364300
367.880170
354.602612
363.198743
371.151197
367.787884
365.219770
350.602368
368.791395
354.544935
354.923535
367.278760
366.332715
364.369611
351.647687
362.755018
358.103071
363.094862
331.554303
352.979598
332.906660
337.294112
337.947615
349.909162
346.019178
337.726546
344.488326
339.241041
342.098372
334.520796
339.967726
338.450667
344.113173
343.198500
331.583449
337.322341
337.162489
343.328077
345.171095
330.983443
338.451278
330.544814
324.822188
330.329024
338.203383
335.833876
343.752821
337.377058
334.800276
336.612746
333.478011
337.427169
330.166212
331.746443
338.733108
331.089461
314.705214
324.901138
328.732802
332.421980
334.433211
322.115554
331.838669
310.953444
330.561019
326.177840
321.696669
320.874404
321.281998
311.764572
317.835982
328.414138
321.572067
306.936142
316.021286
314.219223
318.049575
322.003554
327.119461
317.858474
307.686325
299.670914
328.058060
314.061019
318.735061
310.853409
304.991592
321.876358
311.928665
294.707535
304.865312
294.872239
299.919449
314.965774
315.591751
302.617630
306.385666
297.684555
301.041916
292.535141
306.518235
294.854263
310.414322
305.898361
308.423416
311.108475
312.875351
305.715835
308.647690
297.648300
305.238084
295.447983
284.803665
296.834946
310.305893
309.397964
311.226364
296.911759
296.380875
304.082352
305.444657
303.367630
310.755722
303.982224
299.211838
304.327775
295.411575
304.106614
306.906235
312.739945
294.493362
304.112107
294.677872
293.401047
310.365952
310.025985
308.655319
307.306961
305.477616
301.259964
305.001694
299.967575
309.508835
308.104568
306.099930
302.080735
302.974533
310.168869
313.815018
308.740494
313.960098
315.214401
308.902756
285.895645
309.800553
304.127091
296.921279
313.962387
303.678024
305.239395
298.380570
302.211961
300.104751
325.347824
322.838271
325.126144
317.490738
304.922775
308.807266
304.404068
316.750900
314.533615
302.262893
320.880264
313.996841
313.622817
317.959976
299.767990
308.895340
313.853104
308.208847
316.192306
310.661575
306.739944
318.107620
320.847518
330.561050
327.630721
318.146681
332.989272
340.662214
353.039014
368.281934
368.153912
364.211682
370.215588
379.388867
381.767528
396.336011
373.497112
381.919201
381.021862
394.212719
396.404430
393.695384
393.799022
393.161419
387.989941
378.144359
382.920727
399.809247
379.957836
386.689525
386.629528
382.843304
380.511059
375.681530
379.161999
386.571209
382.058391
403.996289
389.440410
397.586161
410.440135
413.180034
409.130778
393.192576
410.766338
407.182200
413.449626
412.161998
402.238200
411.975658
400.367350
405.443798
395.101757
389.129588
413.059764
404.675730
405.825694
406.299358
395.489604
395.212200
384.030284
391.476055
381.509105
395.625744
400.901164
382.069133
387.922497
406.014354
424.640085
431.588541
434.665689
435.197305
437.229684
416.644144
408.755259
415.174448
421.648417
412.712046
396.318309
380.189831
369.984448
361.619458
361.381482
360.378003
363.007795
365.297772
370.423321
378.643139
384.055309
391.105358
398.344219
403.046947
407.235820
407.225017
404.352489
403.378184
410.474193
398.396647
414.314311
407.768473
409.653789
390.643992
392.035045
412.074565
415.555582
412.303446
401.919139
400.439586
400.976878
403.538738
390.129497
391.448375
391.819743
401.383709
388.005321
380.010967
378.194867
369.729473
378.440716
383.662182
375.699108
378.269757
375.454327
362.765973
371.814954
367.216840
374.244428
359.397595
353.864576
363.133650
347.848554
350.951978
355.880903
349.754469
349.492659
341.910719
342.552474
336.494002
339.977522
336.079482
327.511977
324.696486
336.421248
332.809004
332.737502
320.746077
327.052566
309.251327
317.258682
309.418503
310.945602
311.571060
314.881515
319.538864
325.590835
301.886703
302.249100
298.147202
303.701736
323.337326
311.692123
312.155471
307.543075
315.615769
305.780105
318.396439
302.199050
321.263230
299.301376
309.095688
304.944748
320.216141
316.887069
318.295181
312.087051
306.121780
317.357712
293.304367
298.033067
291.945481
282.423295
292.525010
291.935258
275.581895
286.013597
289.707566
294.700852
293.991105
295.384995
307.884080
294.586075
294.203568
295.033921
304.067276
314.051254
312.885269
312.647507
308.849686
305.896011
308.780991
296.848892
312.434677
305.021926
308.883866
293.767441
299.017472
301.751542
279.743454
284.101701
291.855516
288.185594
280.927262
287.505937
266.895067
273.972460
259.979570
270.351152
281.043871
270.127245
273.531572
276.887621
267.840471
266.552996
282.859667
287.420091
284.928605
280.560807
284.269243
272.300890
267.835436
265.288775
267.608691
259.594347
249.685565
250.218509
243.797397
243.663150
247.445942
230.674961
227.841281
246.395984
255.361957
258.755236
242.123583
245.162494
239.582066
233.612461
222.260745
239.957783
239.674106
239.145221
244.434422
224.400135
236.240406
232.113666
218.783421
218.028417
216.108250
234.738132
235.895451
231.334431
231.521397
228.326618
224.302494
228.547520
225.690815
222.708164
227.251912
224.974324
203.595326
205.556356
216.025106
208.800175
210.675756
206.764394
211.026021
208.857076
207.765233
208.638830
190.974904
193.013098
203.304068
195.699407
192.594503
187.080023
199.133597
187.083181
181.877295
185.667182
180.989233
188.661154
178.300558
181.507910
192.162665
179.261129
189.845206
178.740988
191.406409
173.712393
180.826438
185.204276
173.749060
172.767967
167.743842
180.578269
170.913214
176.670264
178.140907
167.445716
172.765617
170.883460
163.969383
161.239586
158.563530
155.132301
160.865318
170.778022
158.203986
166.384025
165.048759
151.262001
166.835930
154.174049
161.739143
148.531501
168.615639
158.130195
160.662376
157.411491
162.403893
155.270851
164.424369
163.174186
175.403908
161.570686
148.730003
153.779549
156.538887
150.491508
157.312920
156.000129
156.590599
143.235588
146.257592
146.913720
146.856133
156.780602
149.934059
154.840431
155.292213
159.082573
146.841178
154.004707
159.546654
142.792488
149.503532
159.444237
145.522377
150.978249
154.664498
148.639793
161.528466
155.149559
140.140297
147.885262
154.473046
144.798347
165.936516
146.184151
147.832481
150.601830
138.338647
136.353479
135.592858
152.572426
136.318932
138.453805
147.969796
143.171715
143.340386
145.374337
135.764107
135.327096
133.870858
126.683251
149.256479
139.553871
148.063073
142.309884
126.134415
131.869607
144.605692
128.174172
132.534829
138.776421
145.700448
125.280091
140.234659
129.599816
136.367257
146.453240
141.316475
149.179635
144.509499
149.267296
133.192025
137.740167
134.023690
134.482812
155.659188
149.447975
134.334496
141.328271
142.101006
149.752846
144.952156
143.706322
139.289956
138.502450
146.815286
135.607079
152.575646
138.052147
147.922387
132.504418
144.145562
130.325142
152.539300
131.828316
142.096413
151.196068
134.225456
141.165078
127.862657
133.214441
125.753007
135.667779
130.118493
144.731408
130.886040
141.064751
140.485681
125.181955
128.233514
135.246957
139.284509
121.786225
134.933740
125.341256
130.240731
141.643273
131.646767
134.399606
137.054849
125.695527
127.606530
131.242578
139.907250
144.210641
131.955865
127.839616
135.242639
127.907586
142.840676
134.779961
143.583246
129.248620
127.501153
129.731820
130.596994
130.284860
137.125527
140.136193
139.679543
136.869927
138.291955
141.286920
130.846459
149.398827
140.113366
135.312707
137.682931
137.542107
143.436165
146.259773
156.000710
144.853920
147.739419
149.315285
139.020134
162.732247
150.828316
152.085686
157.032997
159.485176
140.713600
154.884560
143.018760
156.540397
165.111031
147.695015
151.981835
152.525978
150.278267
156.592003
166.512031
162.912894
175.595085
158.921928
160.767677
168.598900
158.897147
165.390800
175.570778
166.801948
162.040275
171.771171
167.546134
165.116858
185.381019
178.090704
170.345786
165.813667
175.808983
170.108268
177.056342
187.200461
194.254172
182.556967
184.124380
194.072088
188.931418
177.734900
183.742117
206.409750
186.352437
191.398459
189.827383
190.795736
200.464285
189.279592
208.701208
200.247273
206.332754
198.236944
215.346486
217.166035
197.663030
189.655569
192.023276
188.782934
192.035193
192.410879
204.315756
200.927785
214.158483
196.603597
198.829153
199.204687
204.650213
203.274175
212.372808
217.349004
203.716633
216.138539
215.946843
206.174413
215.769856
217.707325
234.316731
235.269932
222.287372
234.765675
225.590015
231.180256
245.580372
230.405445
224.511066
223.826405
223.892384
233.318394
237.652973
227.457432
233.292988
225.192875
227.141529
229.030399
235.123112
232.650653
242.585789
243.608509
233.275073
250.189243
236.650302
245.940678
237.764178
256.647235
244.183902
246.190051
240.776691
240.743274
240.862521
247.132220
266.436206
263.241534
245.877062
249.316684
253.639072
248.263583
253.885714
269.509264
260.428301
252.596331
271.022693
256.139422
256.800340
273.005602
284.370714
274.406481
260.683549
272.960284
261.155413
261.713976
278.840014
275.146836
275.338274
263.441576
263.922533
265.718004
277.272295
271.057848
271.740801
270.514543
278.297899
268.481798
274.758318
273.209185
282.316331
306.410355
266.813585
247.578174
284.294115
312.133041
320.668624
319.517990
321.202987
323.809676
324.823348
325.929061
318.769027
319.105941
319.292678
318.810928
319.323837
317.655837
323.787399
324.217727
318.643020
318.517715
321.770339
321.532302
322.175369
321.579299
324.887588
324.684188
324.662215
328.889480
327.413680
324.202315
325.799026
328.193679
325.496474
326.572433
322.855880
327.198012
328.569259
329.524123
328.288711
328.157699
326.871596
329.610091
329.210372
331.355636
328.732802
329.524337
331.634810
331.548171
331.178450
328.810378
326.334426
330.036178
328.755416
329.265120
327.323195
326.994826
326.025649
324.198623
328.307204
328.484847
328.817733
325.563094
325.443587
327.555068
326.541579
325.562820
325.495406
325.729842
328.247695
328.945937
330.533187
330.615706
332.102126
330.866530
329.827010
331.184493
332.803145
328.947463
332.175826
332.415572
330.616317
331.652358
328.913619
330.105086
330.240004
331.227156
331.207869
331.987593
330.783767
329.391219
330.326095
329.848494
328.078048
330.265578
327.414779
324.915481
325.959701
330.921950
328.697676
330.612807
331.994704
327.499160
328.015487
328.321792
326.677840
329.091506
329.668502
328.660811
327.873214
328.618911
327.486312
331.178939
329.675277
329.757155
332.811690
330.887526
329.843367
328.505660
333.287337
333.052931
333.538741
331.324752
331.826827
329.782302
326.859084
324.573989
327.092025
326.130111
325.621780
323.717483
320.653579
325.512374
326.835494
324.856917
324.545547
325.195815
328.787856
328.770980
326.459334
325.463729
322.028579
323.105239
324.653793
323.347823
327.460464
327.894790
326.927474
327.260207
328.043960
325.314620
326.496413
325.435317
324.008926
324.192977
321.104690
321.156143
323.226669
321.430953
327.984390
324.664504
325.903579
326.572738
323.917251
326.324416
324.414474
325.411178
326.246596
324.946242
326.602218
327.515487
327.963882
325.882857
323.872268
328.691634
329.592025
324.852797
328.505111
325.466933
324.979079
325.806716
325.417647
325.005721
322.488387
324.643081
325.120254
328.140059
322.970595
319.865890
320.201400
320.195724
319.666061
319.618301
322.062698
321.279128
316.700088
314.497268
314.501205
315.093734
313.565963
313.508590
312.232101
309.862778
312.725265
312.210403
315.820144
316.980636
317.332687
321.552169
323.276534
327.584670
333.274733
335.110426
338.877486
339.853163
343.637007
342.249525
344.693098
343.448286
342.659254
342.490401
337.957625
337.957655
335.411971
334.057631
333.055312
334.466078
332.742873
330.800917
328.834731
327.747817
325.341781
320.810073
321.730483
322.788680
320.955184
317.776901
317.960861
318.774520
320.862380
318.809799
322.796340
324.117324
321.899886
321.845107
322.144180
321.783309
321.676162
320.320999
318.321548
315.714828
314.352615
314.730911
313.538345
314.284836
313.424698
310.685013
314.204117
312.289108
309.817764
306.115646
307.872666
303.276138
308.168533
307.779709
307.257370
304.555954
303.654373
304.082840
302.034806
302.515580
302.802384
305.042130
303.744950
298.087937
297.718583
300.105240
300.183152
297.202591
297.451066
298.863724
294.880967
292.222794
291.792375
290.512772
288.574632
289.340806
288.048753
287.810746
291.442368
291.344834
292.097123
287.719560
284.988816
284.161760
285.790635
285.770890
281.228563
282.404069
283.343126
284.827348
283.100389
283.712754
285.239457
281.938096
278.527116
277.579149
279.587755
282.047868
281.904008
278.590013
278.549944
277.440569
277.909502
277.101305
277.768907
273.889360
275.509813
278.836931
276.426958
277.246416
279.553514
276.217302
277.822679
275.462938
275.362901
276.703783
275.553270
273.743212
270.065050
268.589464
262.144121
263.245440
262.276568
262.240191
262.752917
261.073748
260.910296
256.121081
257.213214
256.839343
255.666262
256.898364
252.151965
253.740893
251.201312
252.536960
248.227878
250.541171
250.957492
251.286044
251.935916
253.743686
250.966250
249.914752
252.964755
249.233401
246.404315
244.443668
245.670184
243.363864
243.251605
241.359104
238.833835
238.229969
237.429355
239.005756
234.267902
234.758137
235.363773
234.644855
235.640232
234.265690
236.019520
232.202259
229.427906
231.779316
231.553974
230.512165
229.858006
228.807636
225.844593
228.441532
227.341496
227.132344
224.560292
223.065052
226.482106
226.179341
226.294026
223.629597
223.274342
222.963292
223.357945
221.396763
222.041035
223.292881
220.631581
221.585331
221.769810
221.490788
218.492177
213.698064
215.698964
218.904835
216.883977
215.344182
215.398610
216.519276
216.233342
217.520756
215.420476
212.433187
209.860753
211.329686
213.639684
210.578816
210.029073
208.200826
212.002095
209.864705
207.697240
206.579305
206.610555
207.714193
207.433812
207.840673
206.138173
206.216527
209.788503
208.939916
210.192937
207.816869
206.783986
207.624547
208.122090
211.894658
209.990239
207.309774
205.929204
203.277456
204.919576
203.837926
201.567342
202.535467
203.331213
198.343969
199.659567
200.180654
199.041753
200.649999
197.164465
199.968664
197.886221
198.543173
195.317052
201.636572
196.384344
196.007406
200.143896
197.006307
192.930090
195.772192
196.499533
197.002950
199.360250
200.339864
199.612203
196.156683
197.943395
198.388906
199.102560
197.096029
196.965261
198.227026
197.303762
199.553655
197.516882
196.696356
195.969137
197.563238
200.571813
195.037695
195.944967
194.711294
195.977423
195.249334
197.275244
194.106298
197.287374
197.751226
191.521185
195.928457
198.147100
199.406210
199.956792
201.711706
203.163244
199.696767
201.088445
198.118826
199.407079
198.553335
199.980367
198.901266
195.776174
195.834478
199.342153
198.218816
196.615865
200.157156
197.811727
199.243261
201.883978
199.835409
196.146154
199.400366
198.912359
200.852056
198.163107
195.618749
194.636617
195.978628
197.454183
194.726675
195.082388
195.847570
196.094137
195.598623
194.232809
195.384787
194.676397
196.740057
195.762396
195.252737
194.901129
194.747885
194.636694
193.277899
197.961218
196.870855
198.431295
197.600393
196.049307
196.561758
198.153188
197.154623
201.997869
197.210928
199.676565
201.698354
199.291174
198.093069
198.080846
202.330633
202.192510
202.607870
201.340536
204.024587
203.115270
203.418065
203.980123
202.602849
206.082113
205.527898
207.982885
208.079732
209.826345
210.582585
211.167180
212.909596
209.973302
210.797170
211.414113
211.618810
216.273122
211.452702
212.790196
212.001881
216.072545
214.584035
215.560368
216.741963
214.016026
216.247914
217.033696
218.108525
212.996632
214.640096
216.203465
215.487935
220.074162
220.751561
222.756459
221.818943
222.998845
222.872166
222.839756
221.941334
222.091267
220.602894
220.083882
221.087330
219.084508
219.616475
219.951863
223.378651
220.781926
221.382115
221.004033
218.717915
220.913197
219.192586
218.774434
222.281025
220.533925
217.174885
219.461034
218.207249
219.890263
221.501973
220.437336
221.232472
219.118657
219.788029
216.446355
214.217809
213.391637
216.218465
218.983571
218.989476
217.333165
217.479695
219.360646
218.620976
216.736699
216.713506
216.092702
216.261372
210.994054
210.857793
209.303197
211.771138
210.978322
213.276494
210.501210
207.693135
209.810826
209.844609
211.963384
210.647237
209.092992
208.958531
212.343404
208.339604
208.925679
206.814839
209.470434
206.673894
205.444570
208.633947
209.730168
210.403920
209.364293
208.704305
207.302877
209.828847
208.875997
206.588476
204.086904
206.957067
205.233632
