421.487116
422.425030
424.161906
423.564284
424.480215
427.932076
430.794006
428.919647
427.242828
427.905731
426.500305
422.645050
422.804657
422.422913
421.323242
421.693207
420.279968
416.611237
415.919617
413.976746
412.828644
409.284729
408.778137
408.983459
405.834351
406.718048
404.569580
404.446442
403.172241
401.505402
400.322510
396.632690
394.701477
391.671783
389.858368
388.936646
387.208344
386.049622
383.427246
381.174683
378.436707
373.669128
374.042023
371.426758
369.228851
365.928070
364.373383
362.562958
364.529419
361.494965
357.780762
355.282593
352.956238
352.837677
351.029297
348.312195
352.326691
350.585449
353.550842
348.198151
351.933746
350.697296
349.566742
351.349518
355.919922
355.781372
359.286591
360.533447
359.535278
358.161865
358.464935
355.958801
355.401733
354.662872
354.861450
350.457672
353.163116
347.861908
347.547211
345.542480
345.830170
344.081146
340.668518
339.642700
344.177673
338.593536
335.811554
339.029633
338.259125
343.104950
338.588470
343.238983
339.477966
347.918457
350.116852
351.210388
353.229126
352.998993
351.841187
355.357788
353.307129
349.008301
352.100159
349.278809
351.133820
349.899689
344.047394
340.064484
339.406494
339.183563
337.093384
333.735046
334.272766
331.998627
331.636505
331.746368
329.439117
328.879608
330.074188
324.820831
323.062256
319.819305
324.370178
324.230560
326.205536
327.603485
329.237244
329.454224
327.677704
327.349854
321.796143
321.619934
319.817841
318.032593
319.279846
319.681580
317.592346
313.695404
311.292938
311.037842
306.665009
305.607849
305.415710
300.565460
300.530121
296.206543
298.332855
298.060913
296.570770
295.438721
295.992218
289.397919
291.478638
288.261414
289.644440
287.512207
288.278717
284.404602
285.034607
284.601288
281.116302
280.779510
280.321747
278.900482
278.101501
279.987915
279.692780
279.744629
274.940186
275.676605
273.868500
273.362335
267.943420
267.293945
268.408417
270.015503
267.529907
267.257782
265.576233
265.337952
265.412476
262.855072
260.556458
262.460632
261.550446
255.687393
258.812592
259.917053
264.722534
260.693298
259.599915
257.818207
258.682709
255.851227
254.389023
254.190933
252.218689
254.794815
252.363205
253.174088
251.183716
253.742126
245.436768
249.248123
245.464859
244.974014
244.690247
244.822968
243.286453
244.490295
241.379227
243.413803
244.692947
240.629623
239.888733
236.482498
238.659058
239.557617
240.446625
237.967789
239.263977
237.562622
235.436798
238.494095
233.116776
231.727295
234.833908
228.744293
230.673996
229.650818
229.660477
231.351563
231.139725
229.527969
228.210922
228.038834
225.502991
227.952835
228.312515
230.374603
227.075775
224.012344
226.887070
225.555054
223.613297
229.153778
229.382278
229.925873
227.811707
226.022125
225.392838
223.690674
220.411087
219.690247
221.140976
218.139999
223.614944
223.424927
223.538162
218.486618
221.804779
219.995407
223.011780
222.272125
224.251328
223.483093
224.792648
225.317657
227.917847
228.244385
231.610016
227.280045
228.195343
226.221924
225.117371
225.845688
225.142395
226.443161
226.865509
225.650009
226.997787
227.387741
228.048767
226.327255
225.961334
225.902237
227.656998
227.943741
227.354385
227.999847
228.173462
226.500992
228.127136
227.685364
230.245453
226.495392
229.290939
228.951263
229.866714
227.848434
228.755905
233.668991
232.480652
229.448441
239.440094
237.944611
237.513077
235.628510
239.606186
237.973175
239.742447
241.167084
242.312973
243.993576
243.945709
242.191101
248.452393
247.880569
246.143890
247.751221
244.697693
248.774216
246.627823
247.704086
246.153214
249.710983
251.991760
253.716553
253.261826
252.467407
249.583237
255.898636
253.312607
254.547958
253.415176
252.140625
253.184616
252.785095
253.607452
254.089035
253.540634
253.418762
252.619629
254.257568
254.053116
255.096985
255.728455
257.511505
255.867493
255.913620
252.742569
255.622971
252.422104
256.387573
256.801117
260.816406
257.704773
256.553925
256.781616
257.133636
259.340088
265.945953
267.773376
269.556335
268.370850
269.008514
269.862885
270.275299
272.661743
274.099579
272.176941
275.243286
278.204712
280.936554
283.019104
282.425446
283.707489
287.952698
286.622681
290.035278
288.871887
289.926117
291.691132
295.196686
296.532410
299.483643
298.224762
302.789581
307.349060
308.575958
309.328857
311.687012
311.918030
315.270447
315.302155
317.101929
318.615265
320.568024
322.348969
327.006775
323.449402
329.436371
327.051697
328.883789
329.441528
331.758270
334.248291
333.696411
336.229462
341.081116
343.279114
347.220825
345.662720
348.631165
354.139740
350.857208
353.843170
356.375366
359.908020
361.076233
364.127228
367.928162
365.694214
366.356415
372.974213
377.147247
378.389465
377.867828
381.052460
383.311890
380.460571
383.925018
387.852081
390.050110
394.124695
393.766510
396.977631
398.164307
400.122864
403.128815
406.781555
407.949829
409.298004
413.495819
415.298798
415.539948
417.831635
420.550354
426.654297
425.990845
430.925140
430.536316
425.977417
422.794464
427.528961
426.955109
425.838470
426.401367
428.268829
429.449554
434.032898
435.026520
438.052185
440.460785
442.774292
444.020874
446.480103
446.179657
449.154572
452.296997
453.039642
451.558655
454.834076
450.484314
459.490753
461.108154
458.028137
457.943695
460.753906
461.667389
463.907318
465.330078
466.603088
468.988434
471.044464
466.338440
468.815033
474.122528
475.153748
476.778595
477.590607
477.736115
481.493835
480.182159
485.716919
484.082703
483.083191
485.093842
485.641235
485.776031
488.796234
488.694458
487.055176
490.547089
488.863892
491.159027
491.951752
486.453156
488.705719
488.763214
492.700470
493.142365
496.359131
494.509277
496.262573
496.621033
495.061859
497.519043
494.949402
494.762268
494.429962
496.814209
498.768219
497.435516
499.111267
503.101074
502.485718
503.321045
498.881561
502.010010
505.922150
506.374817
508.375671
507.490601
513.076599
511.352997
508.648529
507.470703
501.778900
506.567566
509.910004
512.866211
513.308228
512.343445
514.493347
516.833252
516.632324
514.125122
514.498535
516.669006
517.313965
518.549133
519.024963
516.527832
518.245483
519.268860
520.934082
524.038879
521.602356
519.402344
520.750549
518.211426
512.874390
510.750885
516.058838
517.935120
519.325195
521.190247
523.844421
523.338013
524.761108
526.813782
523.553711
522.132751
522.071777
521.221985
520.480042
520.018921
522.090942
519.589783
525.180115
523.160522
522.050476
524.614441
524.397400
526.190369
525.902954
526.272339
526.240173
526.414734
524.965942
524.838989
525.058838
527.824890
527.661194
527.366089
527.334961
527.881653
526.690063
528.373718
527.333618
527.383301
526.297607
524.620728
522.966064
523.057068
525.358887
526.511047
526.585693
526.928101
527.931580
526.034729
526.605713
526.290894
528.902771
528.656616
528.181091
527.549805
530.105896
528.871948
530.084839
529.585022
528.719482
530.498474
527.914551
528.604309
526.546631
528.971680
527.207581
528.716858
531.442627
531.536560
528.356873
527.567566
528.628174
527.708496
527.422546
526.655640
529.283203
531.180115
532.730530
533.792480
533.775818
537.289612
542.742126
544.014771
547.046021
546.068359
545.805847
545.645691
545.233704
544.751648
546.275024
545.866882
542.362122
543.526245
542.600281
542.339722
544.331726
544.928467
539.732117
542.127258
538.019226
540.084717
542.340088
542.799500
541.379883
542.085266
542.426025
543.410828
542.533508
541.689636
544.773376
546.086548
545.068542
543.657227
547.144043
545.792175
547.421021
543.850281
540.102234
533.231567
538.548584
535.506409
538.414063
537.091370
538.388794
535.978088
537.138550
534.709778
535.871765
535.794312
538.001343
538.723450
537.374268
537.417603
536.277832
537.281494
539.896057
539.576721
539.062134
536.616821
541.838135
540.609619
537.855408
535.646301
535.983032
532.935425
536.629333
536.547424
537.793518
534.501648
534.586304
535.938538
533.430481
531.622070
531.328247
530.521973
529.341431
526.292175
523.480957
519.410828
509.361511
508.416870
503.214294
501.588928
502.050171
499.706848
500.820862
498.782562
497.779999
495.424805
497.982452
493.416138
495.882874
496.822388
494.201477
492.752777
488.308167
491.221252
492.586517
489.790131
488.164642
487.101593
486.476532
479.263733
477.591553
479.213562
483.251953
481.850983
480.432373
482.475281
486.845520
491.331635
499.629517
501.883545
503.457092
503.955139
507.186798
510.751465
508.786682
503.982178
504.362885
503.940948
503.769470
501.668579
498.055969
496.895782
494.276123
492.513092
491.727142
495.338409
489.021240
488.331238
488.945831
487.591034
488.999176
485.022095
482.228088
483.056641
480.083252
483.084930
484.115631
484.688568
486.416992
487.667999
491.576233
492.143524
492.774261
493.680969
497.286316
493.580231
496.070801
498.868286
500.165955
498.126160
497.250336
499.651276
498.560181
498.175385
502.022278
495.154114
498.576630
499.036987
493.763916
498.122650
499.691345
501.982422
496.749634
495.520416
496.602539
495.271545
495.673187
498.948975
497.098572
500.188110
502.304871
501.108154
502.206085
505.226685
489.300842
487.483795
486.947205
505.271881
510.299591
506.932037
507.951324
507.000427
505.818390
508.713501
507.224182
507.761169
505.132782
504.560333
504.542755
500.966339
499.672943
503.454285
501.935516
499.290710
500.632843
503.464172
502.223572
499.358795
501.657959
503.309204
504.442078
504.716797
505.056732
501.749390
503.292145
497.783356
496.837189
500.102478
501.153107
500.061371
498.358154
496.472198
498.638306
497.012146
497.820984
496.933624
494.549500
499.698029
504.365875
500.302185
494.944092
492.845154
489.978424
489.251129
491.252838
490.395599
494.851135
491.703094
491.599304
493.483276
489.350983
448.371216
446.290161
449.022552
451.744659
445.339325
448.220642
446.736572
443.744141
442.525116
446.623383
443.820313
444.099152
439.794739
439.765930
442.832123
440.019226
438.695251
438.581390
439.047394
438.312561
434.463684
439.771454
440.782013
438.096710
436.592621
437.015839
435.381439
434.033234
432.953522
433.242004
435.030029
435.430573
433.248077
433.138214
433.039429
433.011597
434.169189
430.247284
432.998962
434.070953
430.815155
428.885132
429.495392
432.313538
431.685364
430.987946
427.111481
429.104980
426.878693
425.338409
427.286499
429.408325
428.232849
422.409821
424.436768
423.784637
425.449951
420.737915
424.343445
426.617737
424.572510
423.867401
425.815826
426.783905
426.220825
426.128784
431.102264
434.184113
434.793518
432.614136
424.654785
417.177826
420.483917
419.101166
416.584198
414.780823
418.394196
415.428253
412.980072
413.944733
413.671021
413.929504
412.960419
411.159241
412.697784
407.507019
408.714294
406.088989
410.618347
405.059906
405.083862
407.049622
405.421265
406.776642
404.345703
404.421570
403.029083
403.163361
406.764740
404.755890
409.408356
413.049072
415.897369
420.890198
428.579376
430.790070
435.711975
439.639282
441.930878
445.052704
446.737488
442.525330
437.020233
430.623169
420.663544
409.588654
401.493103
394.926453
391.325928
392.540741
399.592926
405.659424
389.561371
392.793213
396.963562
395.247345
394.122345
393.728455
395.680359
395.870209
395.068695
395.663483
397.188934
397.429169
396.049957
393.382782
397.440887
398.514404
393.089539
394.194489
392.194336
392.194031
392.653076
389.602783
388.657166
387.625122
385.636017
382.555511
389.394409
382.140015
380.771057
381.006958
380.731842
381.052460
380.828186
379.256592
376.057129
380.694183
381.285278
382.170288
382.229279
381.112701
382.795227
382.924744
382.134796
382.881165
376.126404
377.711731
378.849792
380.033966
378.522003
377.333191
377.895020
378.202240
374.396698
374.142487
377.849091
377.511047
375.104950
372.456818
371.516571
365.501923
368.377777
369.421936
370.244965
370.749878
374.206970
369.737244
368.637848
369.484070
370.786957
372.027069
366.365082
368.964905
368.063843
368.959534
366.973877
371.052307
370.415863
371.023163
370.776733
371.818542
369.336090
368.731110
371.155121
368.630829
366.059204
366.704865
363.531311
365.327637
366.051605
365.608643
361.750580
365.023560
365.684845
364.631378
368.892944
369.979248
370.189697
381.217529
379.831482
367.005035
367.798889
367.366974
368.732452
366.917572
367.167145
368.441681
366.834534
365.603912
366.643433
368.051147
367.924744
369.290497
366.991547
372.764404
370.465668
375.351746
373.276855
377.098846
378.372284
378.476501
378.148712
376.801697
376.679749
379.636017
379.345093
379.183228
378.206543
381.963989
377.706543
378.775604
385.007507
384.014130
380.083771
381.039490
383.887787
385.820465
380.295074
383.414154
386.874969
384.482452
385.914917
383.665771
381.939026
383.413635
381.282654
382.003723
379.473999
376.968140
378.518158
378.942657
378.622101
378.223999
378.750824
375.294342
373.266693
375.436615
371.526978
370.808868
370.610809
370.886597
367.506165
366.947052
362.494171
364.889923
368.043304
367.313354
365.447449
368.033325
369.737610
368.154785
369.746155
369.714386
368.821777
366.866699
364.794434
362.260895
364.051208
363.354980
360.303101
363.133484
360.233429
361.300476
356.626282
353.586090
352.579803
351.254028
353.099365
352.780914
351.245789
351.406250
350.463074
350.108643
349.080414
387.533447
392.625031
346.563354
349.357239
348.953705
346.870056
346.481537
348.491913
345.409607
347.749054
347.462311
346.449738
349.424988
354.227570
351.487732
340.786133
340.494415
343.110809
343.583923
342.869965
338.832184
339.680725
379.064880
377.473541
336.958466
335.858551
331.076599
332.524536
332.827240
329.707642
329.247833
326.551849
330.065765
329.002411
328.946411
325.879608
332.419739
326.807617
325.509979
327.662292
323.993408
323.470917
323.667786
322.123993
323.020691
322.255310
317.692627
322.758331
324.707245
319.146515
318.618744
323.024841
319.695129
319.002319
318.868378
313.234863
316.420654
314.096069
313.617340
350.240356
348.064636
344.996552
349.720886
346.262878
346.241486
346.843231
344.972046
344.735291
345.417542
343.083923
341.853485
339.432892
337.872559
339.756256
342.901672
348.124695
346.170105
347.680908
345.589935
345.044861
343.498474
345.280579
338.589142
335.375336
332.646393
337.158844
333.343567
336.245239
333.480438
332.582733
332.069092
332.980560
332.144623
330.397247
327.384186
327.682892
324.879669
324.685211
326.680847
318.835693
316.327759
317.574921
320.263062
319.127838
319.529785
313.950592
318.841156
317.187775
318.612396
318.431183
317.005585
312.102997
317.346100
318.867706
313.277954
313.784851
315.261627
316.619019
317.021362
318.521332
319.533844
319.546478
320.489349
319.364441
340.305176
338.728424
339.038239
338.706482
340.432495
341.969299
344.207672
335.201263
341.952148
345.760895
347.832001
344.629791
347.037750
348.153778
346.952545
350.541138
349.777039
352.279785
354.812958
354.431549
351.843842
351.931763
353.088013
351.354156
351.518982
351.735229
350.913910
350.527679
347.579346
347.318115
348.205048
349.728943
351.858826
350.021515
352.832581
357.689575
362.632690
375.155060
384.951233
393.602142
393.756989
396.298065
397.975677
399.421997
401.497650
403.416565
401.571045
397.040833
403.591766
405.641632
404.531219
404.234283
405.148254
402.766693
402.051300
405.705872
403.874298
403.317566
403.905975
402.190002
400.365875
399.442749
400.222778
403.060974
401.250305
400.379425
399.910675
408.159027
411.286652
414.640228
416.072968
413.901520
417.762146
416.711456
418.898987
418.252869
418.588287
420.113831
419.842285
419.118652
420.146240
417.497711
413.404694
415.688812
414.336182
412.249084
411.703369
411.498657
406.326385
410.752533
406.978455
408.705963
407.489685
405.298676
411.086517
409.648529
414.918945
423.456390
431.549225
431.365967
430.077423
429.395355
429.943909
430.608368
430.633942
431.566589
431.354980
432.085083
430.155182
428.479431
427.171753
425.192566
425.541779
424.384888
423.422974
422.063141
420.567047
420.124908
419.407227
418.489960
416.652313
415.038666
416.346130
414.066162
413.022980
414.704926
413.243347
412.033051
413.595001
416.652313
415.361786
413.268219
409.642181
412.115234
413.789612
416.140686
412.763275
409.757629
407.426361
406.754181
407.414429
403.016541
401.284454
399.145020
399.814636
399.540894
396.199951
395.788422
394.997162
393.073212
393.243866
384.312927
380.561646
382.552124
377.494232
374.451111
373.027496
371.501617
377.416473
375.186218
376.629028
379.731415
375.889801
369.586151
371.240326
368.852661
366.472076
365.760803
366.122223
357.409698
358.680817
355.997253
356.479309
351.891846
352.979126
349.682770
347.251587
344.936462
341.808533
342.990448
340.370453
337.457092
340.187805
339.040009
335.759308
333.745392
337.297058
339.216827
342.460327
345.554749
345.821228
347.926941
346.677948
346.345581
348.274139
346.025787
343.152435
342.609192
342.449341
344.437500
340.377899
338.965515
334.356903
333.432007
333.913635
331.720123
331.334290
329.799622
328.104431
327.522705
328.702087
324.140137
324.512878
325.100739
323.408417
325.212555
327.148743
330.413025
331.863129
335.944824
336.630768
339.607513
338.388397
337.585480
338.348999
337.164978
334.134857
332.138275
332.816681
330.897705
329.183533
327.019257
324.709564
324.812164
323.122345
322.434601
324.681061
319.499969
318.922058
318.318542
315.887024
316.408936
312.061127
310.355103
308.511932
309.582031
308.496033
309.803436
309.393707
309.533325
311.124878
306.677582
306.652374
307.744598
306.236664
305.338226
306.056305
302.678986
303.724335
300.988708
300.283142
299.876221
298.340393
295.907715
293.132568
291.457245
292.839294
290.245697
288.836426
287.889465
284.703308
284.918335
281.109802
280.458221
281.179901
280.566132
275.539978
273.841064
276.523010
276.481598
269.729462
276.290131
275.425323
277.463409
271.371643
274.190277
271.895050
271.001892
269.075134
269.986389
267.624115
264.637756
258.442444
258.008484
260.408051
256.420349
257.640564
254.190521
255.167175
251.956635
250.517349
251.498352
250.149384
249.301804
249.741486
247.515060
249.432236
244.250687
242.792252
242.081543
240.557816
228.778809
232.078156
245.826004
245.157562
245.736938
244.011414
244.781998
238.917313
240.734604
238.279800
241.035233
238.788147
236.118454
237.379013
232.464966
234.716705
234.316879
235.431519
235.875259
232.722000
230.926895
232.023346
231.502914
229.525375
230.914825
233.167542
229.402618
232.176575
233.309265
228.751373
230.868958
229.122208
230.158478
227.902435
230.585846
227.657394
225.819977
228.968948
228.505966
229.305161
225.067398
222.083801
223.108154
220.735977
218.892853
221.957123
219.813293
219.101944
218.059631
223.711853
219.475800
219.451736
217.469009
219.684525
219.543442
218.557816
219.256226
218.913757
220.716492
220.855606
220.003571
223.242325
220.555557
220.904053
220.212051
219.828491
222.426422
216.465546
217.368225
217.926056
218.193573
217.398987
216.793716
217.065552
213.790665
217.627579
217.249847
216.470337
215.509537
218.100632
217.752594
215.165604
215.943039
212.835052
214.205475
211.822632
213.925751
216.104767
213.119278
215.484589
214.312653
212.462463
214.599884
213.065201
215.487534
215.200104
215.426132
215.956573
217.776031
215.459305
213.625946
213.516479
218.046402
213.367493
216.471344
218.687134
217.036972
216.815826
216.999207
217.135406
217.783646
218.333984
218.597198
218.591629
217.930435
223.127457
225.203781
223.093567
223.810287
224.872879
230.228500
230.278503
231.970840
231.062347
234.514343
234.999634
233.492096
239.633636
240.395737
240.266693
241.010544
237.015564
240.042053
236.827225
239.471085
239.944763
239.144470
239.048874
239.329773
241.837601
239.156677
238.886246
238.798599
241.990219
241.341156
242.660873
240.852158
246.308151
241.065765
241.054123
244.192993
246.072006
247.066727
249.992935
244.038254
246.782791
245.268936
246.643738
247.512634
246.911926
244.211227
249.223404
248.268005
249.498169
247.384155
248.918564
247.501617
249.435883
248.490692
246.270905
250.530106
250.802002
250.797607
250.870453
252.728745
252.633179
252.555237
253.512192
255.694092
256.495697
258.842010
258.939240
263.869446
266.058350
265.448120
268.638306
270.213593
276.638489
281.164856
281.852692
284.258026
283.161652
290.262207
287.874481
291.331757
294.577881
297.964233
298.908600
296.105713
297.363525
296.670624
299.572418
298.213745
302.817932
302.669983
303.421478
303.532135
305.317871
305.661957
311.776642
314.904144
313.017334
316.778778
316.492096
315.821625
320.452698
317.763550
318.681763
326.314514
325.719086
332.112579
335.708130
337.069977
339.440765
337.809906
335.254791
341.855103
348.754669
349.117310
349.920868
352.655945
351.945801
358.970642
363.302399
362.792877
364.768188
370.130219
372.775909
370.261658
372.995636
380.452850
385.158234
388.892059
390.313080
388.463104
391.233948
392.600159
390.977661
393.474335
395.256317
399.136963
399.638000
405.633118
408.440277
410.070129
409.320160
414.068024
416.709198
416.566162
420.210419
423.077179
419.122894
422.964813
428.113464
427.598541
427.424103
425.934723
425.259613
425.684174
425.039154
427.773102
429.335175
433.553680
434.721527
435.157043
437.821259
436.018677
434.039185
435.105377
437.966095
439.642731
440.106293
441.566833
440.900177
443.005127
443.281219
444.303314
448.224060
448.518921
446.112183
449.649994
453.484131
452.335205
455.269226
457.021973
458.656250
461.322937
462.385071
465.052551
464.357178
461.357269
461.643524
462.139252
468.123138
470.148804
467.607941
471.691040
473.407532
474.818573
471.350800
474.759094
478.547699
479.408539
482.314575
482.512512
482.701355
486.812683
483.208984
488.211456
489.623535
487.573334
488.970764
487.845398
486.231934
489.380768
494.802216
495.320557
495.480255
494.724243
494.622864
496.846130
494.749451
496.563446
496.261444
497.714996
497.673279
498.822357
499.162354
499.100769
499.882599
499.192505
499.812042
501.446655
496.388916
499.815521
500.189331
502.329895
499.998138
501.479767
501.382080
502.919312
500.349243
503.794861
505.964050
499.220490
498.403046
503.846832
502.483185
508.106781
506.662170
505.664124
507.866608
507.178467
507.266998
507.389862
509.985291
509.438232
507.700043
514.199707
512.185303
511.063110
511.278625
512.249756
513.648254
510.243317
508.386108
505.693054
508.408752
509.047668
511.575439
510.349609
508.335022
509.193176
515.790100
512.636108
513.323425
508.784515
514.473633
510.217712
507.194031
506.145996
509.469757
508.187012
502.476471
505.451447
510.023041
510.916473
511.924957
509.195435
509.997284
506.401428
509.198212
511.147949
513.315979
512.591919
512.074585
514.095520
510.350769
511.702606
510.750153
513.938354
513.468140
513.324341
514.535339
513.475403
513.092651
515.754822
517.812195
518.019653
515.317993
511.897217
511.130524
511.860046
512.182617
510.961731
512.140625
513.824768
513.439209
512.779419
513.686768
512.656067
510.690308
510.196106
509.245636
510.679626
510.700867
512.426086
513.614929
512.806274
510.719177
510.078064
508.062317
511.606995
510.879883
509.905945
508.030334
506.722565
508.732574
511.855316
511.510620
510.274170
511.719421
512.563293
509.369476
506.484497
506.154144
505.414154
506.492371
508.609039
511.494751
507.575470
504.162292
508.839966
508.071503
507.461853
509.111450
507.857544
509.364746
511.287384
506.231140
510.055145
507.187958
507.125336
506.858856
506.232666
504.372131
504.862823
505.484894
503.018982
508.817413
506.888794
508.637726
507.113068
504.052643
506.031799
506.955322
505.456604
507.564423
508.698364
511.922180
509.883453
507.152222
511.403564
510.542633
511.216400
510.848175
511.721344
510.525208
515.085022
516.310425
515.796265
516.346802
518.601929
517.602600
518.992188
517.918701
512.787659
514.982056
514.142761
515.685913
513.384521
514.263000
518.076355
516.434265
515.772400
512.368713
513.920166
511.969482
514.023071
512.980042
512.696960
513.245239
512.002136
510.701904
513.940125
512.134583
514.944336
513.185425
509.388641
508.986359
507.048615
507.054840
504.660461
507.037720
496.064453
493.822327
491.148132
490.778687
490.453796
487.655701
483.630035
481.394196
480.638397
481.123596
475.291809
475.419220
478.210480
479.260773
481.297363
476.640472
479.705750
478.201233
475.778351
476.096893
474.252075
476.438507
472.279449
471.301086
471.954620
467.019897
467.744110
467.370880
466.331451
466.288055
467.049500
468.247650
472.363892
480.888885
481.685303
489.511078
492.664612
489.793854
493.124939
493.595825
487.775299
488.640564
490.630096
489.017670
488.915283
488.133972
485.606873
486.672699
486.134766
486.965240
485.437714
484.325256
485.387085
481.387817
480.523071
479.369781
477.056427
475.484985
476.165070
475.087189
475.102173
480.892120
480.178040
481.715515
482.085663
488.755646
486.465485
483.059326
487.514648
485.539673
483.139282
483.720459
488.692047
487.549225
488.542542
485.607056
488.839508
489.845428
485.691986
488.671478
487.893433
487.813019
486.962952
486.633118
486.101715
486.395996
483.457794
482.089996
480.122955
481.332886
477.874603
475.363251
479.974060
479.646149
484.033966
482.505951
482.814453
484.750061
486.019867
485.441010
484.714722
485.517365
488.387787
483.135529
483.365417
484.691925
481.203949
481.123108
482.593719
480.204742
481.161926
476.205933
477.730194
478.756897
480.785706
476.781616
476.289185
477.862152
478.327148
472.078857
476.081421
475.573456
475.346008
477.881317
476.293091
477.450775
475.699249
475.757263
475.339813
479.712891
473.055115
472.057739
476.004120
475.427246
476.603638
477.194397
473.655457
475.713867
472.036896
474.160522
471.569244
473.470642
475.169556
476.104126
472.262634
469.382904
471.816437
470.733459
470.370453
468.975983
465.572540
466.841400
464.997650
463.233673
462.494293
462.716370
460.902893
461.902710
459.215088
458.024048
456.803986
455.089264
456.849670
456.191864
456.606842
455.417572
457.110291
457.059570
455.605499
452.679260
450.552643
448.474854
450.965454
450.651611
453.373169
448.844788
449.536560
448.829865
445.946106
445.662781
443.515747
446.040436
444.695160
445.537781
445.183685
446.056610
439.282227
439.981903
442.666504
440.933929
444.945251
440.731842
439.063019
440.809326
438.972626
437.823914
438.756805
438.400513
436.180267
435.127228
437.814697
437.482727
436.136658
432.877563
431.550140
432.471771
432.502411
432.671753
433.678284
430.441071
426.250397
428.792969
430.940186
427.672455
427.426544
430.061249
429.796265
424.860504
422.030945
421.778870
425.822906
424.743103
422.492828
423.544617
421.488556
424.161713
422.870636
424.546722
422.706390
420.737762
420.240875
418.927795
419.802338
420.466919
417.738129
419.065033
419.934570
417.781097
416.162750
418.768158
413.057678
413.192383
409.429779
408.571655
409.403442
407.575806
408.870758
407.852325
402.036285
402.558105
400.782166
399.099945
401.437439
392.937195
388.680359
402.076202
401.481415
403.199646
396.923615
397.931854
385.515198
385.055328
401.779663
397.870178
394.751892
395.757507
396.783234
400.726105
390.716034
387.378540
399.418091
395.124603
391.339844
386.256531
381.468933
395.132202
392.802429
391.769928
383.979309
390.801941
392.932617
391.639709
380.399689
379.491638
385.271881
383.292053
389.483704
389.835663
387.608490
388.926697
388.288177
388.993225
390.788910
389.221436
386.060089
355.120819
373.589691
375.305359
380.842102
382.819275
378.451935
373.230591
379.082733
358.061035
369.056183
379.612579
376.497772
372.947144
361.616730
373.575623
366.198822
378.877045
373.851410
374.914917
372.630890
377.186737
354.173035
366.429108
370.606171
373.712891
380.817688
377.187683
372.184875
372.240448
369.095642
379.179596
376.175598
377.849457
376.346558
377.693390
363.848816
355.891449
373.653442
371.637115
371.337219
377.753235
379.122528
376.266418
370.398590
367.577271
364.805176
373.839233
360.805664
361.776245
364.491913
368.394165
371.353882
358.930939
363.515930
366.199951
357.276917
356.600739
356.915985
367.862701
364.387238
355.022858
373.030426
365.794128
373.790039
375.146118
365.106873
367.827545
369.466553
374.962585
361.879578
368.758698
361.635498
367.969788
369.432739
374.679535
360.851715
368.766937
358.236023
366.042603
368.998138
360.093811
369.973724
364.439331
359.751465
370.567719
362.250275
371.089417
374.859802
369.457794
371.680878
372.275604
350.420380
361.144318
362.555389
369.209686
362.258484
371.047424
372.830292
357.231323
362.302307
369.759674
360.949615
371.716675
369.256622
376.211700
358.598206
376.969604
376.769806
378.068237
366.035156
376.256958
367.074280
366.425903
377.420746
377.089203
371.868042
371.505615
371.000336
370.542419
363.406647
368.659546
374.571228
366.799316
381.625854
379.896362
380.974060
373.433289
367.423157
370.365814
360.969360
380.845062
372.216980
371.922180
363.888306
364.760742
370.514221
369.762756
375.161774
365.234222
366.053711
373.391937
368.194550
350.091858
361.894348
346.250854
361.862213
366.610687
356.364319
367.880188
354.602631
363.198761
371.151215
367.787903
365.219788
350.602386
368.791412
354.544952
354.923553
367.278778
366.332733
364.369629
351.647705
362.755035
358.103088
363.094879
331.554321
352.979614
332.906677
337.294128
337.947632
349.909180
346.019196
337.726563
344.488342
339.241058
342.098389
334.520813
339.967743
338.450684
344.113190
343.198517
331.583466
337.322357
337.162506
343.328094
345.171112
330.983459
338.451294
330.544830
324.822205
330.329041
338.203400
335.833893
343.752838
337.377075
334.800293
336.612762
333.478027
337.427185
330.166229
331.746460
338.733124
331.089478
314.705231
324.901154
328.732819
332.421997
334.433228
322.115570
331.838684
310.953461
330.561035
326.177856
321.696686
320.874420
321.282013
311.764587
317.835999
328.414154
321.572083
306.936157
316.021301
314.219238
318.049591
322.003571
327.119476
317.858490
307.686340
299.670929
328.058075
314.061035
318.735077
310.853424
304.991608
321.876373
311.928680
294.707550
304.865326
294.872253
299.919464
314.965790
315.591766
302.617645
306.385681
297.684570
301.041931
292.535156
306.518250
294.854279
310.414337
305.898376
308.423431
311.108490
312.875366
305.715851
308.647705
297.648315
305.238098
295.447998
284.803680
296.834961
310.305908
309.397980
311.226379
296.911774
296.380890
304.082367
305.444672
303.367645
310.755737
303.982239
299.211853
304.327789
295.411591
304.106628
306.906250
312.739960
294.493378
304.112122
294.677887
293.401062
310.365967
310.026001
308.655334
307.306976
305.477631
301.259979
305.001709
299.967590
309.508850
308.104584
306.099945
302.080750
302.974548
310.168884
313.815033
308.740509
313.960114
315.214417
308.902771
285.895660
309.800568
304.127106
296.921295
313.962402
303.678040
305.239410
298.380585
302.211975
300.104767
325.347839
322.838287
325.126160
317.490753
304.922791
308.807281
304.404083
316.750916
314.533630
302.262909
320.880280
313.996857
313.622833
317.959991
299.768005
308.895355
313.853119
308.208862
316.192322
310.661591
306.739960
318.107635
320.847534
330.561066
327.630737
318.146698
332.989288
340.662231
353.039032
368.281952
368.153931
364.211700
370.215607
379.388885
381.767548
396.336029
373.497131
381.919220
381.021881
394.212738
396.404449
393.695404
393.799042
393.161438
387.989960
378.144379
382.920746
399.809265
379.957855
386.689545
386.629547
382.843323
380.511078
375.681549
379.162018
386.571228
382.058411
403.996307
389.440430
397.586182
410.440155
413.180054
409.130798
393.192596
410.766357
407.182220
413.449646
412.162018
402.238220
411.975677
400.367371
405.443817
395.101776
389.129608
413.059784
404.675751
405.825714
406.299377
395.489624
395.212219
384.030304
391.476074
381.509125
395.625763
400.901184
382.069153
387.922516
406.014374
424.640106
431.588562
434.665710
435.197327
437.229706
416.644165
408.755280
415.174469
421.648438
412.712067
396.318329
380.189850
369.984467
361.619476
361.381500
360.378021
363.007813
365.297791
370.423340
378.643158
384.055328
391.105377
398.344238
403.046967
407.235840
407.225037
404.352509
403.378204
410.474213
398.396667
414.314331
407.768494
409.653809
390.644012
392.035065
412.074585
415.555603
412.303467
401.919159
400.439606
400.976898
403.538757
390.129517
391.448395
391.819763
401.383728
388.005341
380.010986
378.194885
369.729492
378.440735
383.662201
375.699127
378.269775
375.454346
362.765991
371.814972
367.216858
374.244446
359.397614
353.864594
363.133667
347.848572
350.951996
355.880920
349.754486
349.492676
341.910736
342.552490
336.494019
339.977539
336.079498
327.511993
324.696503
336.421265
332.809021
332.737518
320.746094
327.052582
309.251343
317.258698
309.418518
310.945618
311.571075
314.881531
319.538879
325.590851
301.886719
302.249115
298.147217
303.701752
323.337341
311.692139
312.155487
307.543091
315.615784
305.780121
318.396454
302.199066
321.263245
299.301392
309.095703
304.944763
320.216156
316.887085
318.295197
312.087067
306.121796
317.357727
293.304382
298.033081
291.945496
282.423309
292.525024
291.935272
275.581909
286.013611
289.707581
294.700867
293.991119
295.385010
307.884094
294.586090
294.203583
295.033936
304.067291
314.051270
312.885284
312.647522
308.849701
305.896027
308.781006
296.848907
312.434692
305.021942
308.883881
293.767456
299.017487
301.751556
279.743469
284.101715
291.855530
288.185608
280.927277
287.505951
266.895081
273.972473
259.979584
270.351166
281.043884
270.127258
273.531586
276.887634
267.840485
266.553009
282.859680
287.420105
284.928619
280.560822
284.269257
272.300903
267.835449
265.288788
267.608704
259.594360
249.685577
250.218521
243.797409
243.663162
247.445953
230.674973
227.841293
246.395996
255.361969
258.755249
242.123596
245.162506
239.582077
233.612473
222.260757
239.957794
239.674118
239.145233
244.434433
224.400146
236.240417
232.113678
218.783432
218.028427
216.108261
234.738144
235.895462
231.334442
231.521408
228.326630
224.302505
228.547531
225.690826
222.708176
227.251923
224.974335
203.595337
205.556366
216.025116
208.800186
210.675766
206.764404
211.026031
208.857086
207.765244
208.638840
190.974915
193.013107
203.304077
195.699417
192.594513
187.080032
199.133606
187.083191
181.877304
185.667191
180.989243
188.661163
178.300568
181.507919
192.162674
179.261139
189.845215
178.740997
191.406418
173.712402
180.826447
185.204285
173.749069
172.767975
167.743851
180.578278
170.913223
176.670273
178.140915
167.445724
172.765625
170.883469
163.969391
161.239594
158.563538
155.132309
160.865326
170.778030
158.203995
166.384033
165.048767
151.262009
166.835938
154.174057
161.739151
148.531509
168.615646
158.130203
160.662384
157.411499
162.403900
155.270859
164.424377
163.174194
175.403915
161.570694
148.730011
153.779556
156.538895
150.491516
157.312927
156.000137
156.590607
143.235596
146.257599
146.913727
146.856140
156.780609
149.934067
154.840439
155.292221
159.082581
146.841187
154.004715
159.546661
142.792496
149.503540
159.444244
145.522385
150.978256
154.664505
148.639801
161.528473
155.149567
140.140305
147.885269
154.473053
144.798355
165.936523
146.184158
147.832489
150.601837
138.338654
136.353485
135.592865
152.572433
136.318939
138.453812
147.969803
143.171722
143.340393
145.374344
135.764114
135.327103
133.870865
126.683258
149.256485
139.553879
148.063080
142.309891
126.134422
131.869614
144.605698
128.174179
132.534836
138.776428
145.700455
125.280098
140.234665
129.599823
136.367264
146.453247
141.316483
149.179642
144.509506
149.267303
133.192032
137.740173
134.023697
134.482819
155.659195
149.447983
134.334503
141.328278
142.101013
149.752853
144.952164
143.706329
139.289963
138.502457
146.815292
135.607086
152.575653
138.052155
147.922394
132.504425
144.145569
130.325150
152.539307
131.828323
142.096420
151.196075
134.225464
141.165085
127.862663
133.214447
125.753014
135.667786
130.118500
144.731415
130.886047
141.064758
140.485687
125.181961
128.233521
135.246964
139.284515
121.786232
134.933746
125.341263
130.240738
141.643280
131.646774
134.399612
137.054855
125.695534
127.606537
131.242584
139.907257
144.210648
131.955872
127.839622
135.242645
127.907593
142.840683
134.779968
143.583252
129.248627
127.501160
129.731827
130.597000
130.284866
137.125534
140.136200
139.679550
136.869934
138.291962
141.286926
130.846466
149.398834
140.113373
135.312714
137.682938
137.542114
143.436172
146.259781
156.000717
144.853928
147.739426
149.315292
139.020142
162.732254
150.828323
152.085693
157.033005
159.485184
140.713608
154.884567
143.018768
156.540405
165.111038
147.695023
151.981842
152.525986
150.278275
156.592010
166.512039
162.912903
175.595093
158.921936
160.767685
168.598907
158.897156
165.390808
175.570786
166.801956
162.040283
171.771179
167.546143
165.116867
185.381027
178.090714
170.345795
165.813675
175.808990
170.108276
177.056351
187.200470
194.254181
182.556976
184.124390
194.072098
188.931427
177.734909
183.742126
206.409760
186.352448
191.398468
189.827393
190.795746
200.464294
189.279602
208.701218
200.247284
206.332764
198.236954
215.346497
217.166046
197.663040
189.655579
192.023285
188.782944
192.035202
192.410889
204.315765
200.927795
214.158493
196.603607
198.829163
199.204697
204.650223
203.274185
212.372818
217.349014
203.716644
216.138550
215.946854
206.174423
215.769867
217.707336
234.316742
235.269943
222.287384
234.765686
225.590027
231.180267
245.580383
230.405457
224.511078
223.826416
223.892395
233.318405
237.652985
227.457443
233.292999
225.192886
227.141541
229.030411
235.123123
232.650665
242.585800
243.608521
233.275085
250.189255
236.650314
245.940689
237.764191
256.647247
244.183914
246.190063
240.776703
240.743286
240.862534
247.132233
266.436218
263.241547
245.877075
249.316696
253.639084
248.263596
253.885727
269.509277
260.428314
252.596344
271.022705
256.139435
256.800354
273.005615
284.370728
274.406494
260.683563
272.960297
261.155426
261.713989
278.840027
275.146851
275.338287
263.441589
263.922546
265.718018
277.272308
271.057861
271.740814
270.514557
278.297913
268.481812
274.758331
273.209198
282.316345
306.410370
266.813599
247.578186
284.294128
312.133057
320.668640
319.518005
321.203003
323.809692
324.823364
325.929077
318.769043
319.105957
319.292694
318.810944
319.323853
317.655853
323.787415
324.217743
318.643036
318.517731
321.770355
321.532318
322.175385
321.579315
324.887604
324.684204
324.662231
328.889496
327.413696
324.202332
325.799042
328.193695
325.496490
326.572449
322.855896
327.198029
328.569275
329.524139
328.288727
328.157715
326.871613
329.610107
329.210388
331.355652
328.732819
329.524353
331.634827
331.548187
331.178467
328.810394
326.334442
330.036194
328.755432
329.265137
327.323212
326.994843
326.025665
324.198639
328.307220
328.484863
328.817749
325.563110
325.443604
327.555084
326.541595
325.562836
325.495422
325.729858
328.247711
328.945953
330.533203
330.615723
332.102142
330.866547
329.827026
331.184509
332.803162
328.947479
332.175842
332.415588
330.616333
331.652374
328.913635
330.105103
330.240021
331.227173
331.207886
331.987610
330.783783
329.391235
330.326111
329.848511
328.078064
330.265594
327.414795
324.915497
325.959717
330.921967
328.697693
330.612823
331.994720
327.499176
328.015503
328.321808
326.677856
329.091522
329.668518
328.660828
327.873230
328.618927
327.486328
331.178955
329.675293
329.757172
332.811707
330.887543
329.843384
328.505676
333.287354
333.052948
333.538757
331.324768
331.826843
329.782318
326.859100
324.574005
327.092041
326.130127
325.621796
323.717499
320.653595
325.512390
326.835510
324.856934
324.545563
325.195831
328.787872
328.770996
326.459351
325.463745
322.028595
323.105255
324.653809
323.347839
327.460480
327.894806
326.927490
327.260223
328.043976
325.314636
326.496429
325.435333
324.008942
324.192993
321.104706
321.156158
323.226685
321.430969
327.984406
324.664520
325.903595
326.572754
323.917267
326.324432
324.414490
325.411194
326.246613
324.946259
326.602234
327.515503
327.963898
325.882874
323.872284
328.691650
329.592041
324.852814
328.505127
325.466949
324.979095
325.806732
325.417664
325.005737
322.488403
324.643097
325.120270
328.140076
322.970612
319.865906
320.201416
320.195740
319.666077
319.618317
322.062714
321.279144
316.700104
314.497284
314.501221
315.093750
313.565979
313.508606
312.232117
309.862793
312.725281
312.210419
315.820160
316.980652
317.332703
321.552185
323.276550
327.584686
333.274750
335.110443
338.877502
339.853180
343.637024
342.249542
344.693115
343.448303
342.659271
342.490417
337.957642
337.957672
335.411987
334.057648
333.055328
334.466095
332.742889
330.800934
328.834747
327.747833
325.341797
320.810089
321.730499
322.788696
320.955200
317.776917
317.960876
318.774536
320.862396
318.809814
322.796356
324.117340
321.899902
321.845123
322.144196
321.783325
321.676178
320.321014
318.321564
315.714844
314.352631
314.730927
313.538361
314.284851
313.424713
310.685028
314.204132
312.289124
309.817780
306.115662
307.872681
303.276154
308.168549
307.779724
307.257385
304.555969
303.654388
304.082855
302.034821
302.515594
302.802399
305.042145
303.744965
298.087952
297.718597
300.105255
300.183167
297.202606
297.451080
298.863739
294.880981
292.222809
291.792389
290.512787
288.574646
289.340820
288.048767
287.810760
291.442383
291.344849
292.097137
287.719574
284.988831
284.161774
285.790649
285.770905
281.228577
282.404083
283.343140
284.827362
283.100403
283.712769
285.239471
281.938110
278.527130
277.579163
279.587769
282.047882
281.904022
278.590027
278.549957
277.440582
277.909515
277.101318
277.768921
273.889374
275.509827
278.836945
276.426971
277.246429
279.553528
276.217316
277.822693
275.462952
275.362915
276.703796
275.553284
273.743225
270.065063
268.589478
262.144135
263.245453
262.276581
262.240204
262.752930
261.073761
260.910309
256.121094
257.213226
256.839355
255.666275
256.898376
252.151978
253.740906
251.201324
252.536972
248.227890
250.541183
250.957504
251.286057
251.935928
253.743698
250.966263
249.914764
252.964767
249.233414
246.404327
244.443680
245.670197
243.363876
243.251617
241.359116
238.833847
238.229980
237.429367
239.005768
234.267914
234.758148
235.363785
234.644867
235.640244
234.265701
236.019531
232.202271
229.427917
231.779327
231.553986
230.512177
229.858017
228.807648
225.844604
228.441544
227.341507
227.132355
224.560303
223.065063
226.482117
226.179352
226.294037
223.629608
223.274353
222.963303
223.357956
221.396774
222.041046
223.292892
220.631592
221.585342
221.769821
221.490799
218.492188
213.698074
215.698975
218.904846
216.883987
215.344193
215.398621
216.519287
216.233353
217.520767
215.420486
212.433197
209.860764
211.329697
213.639694
210.578827
210.029083
208.200836
212.002106
209.864716
207.697250
206.579315
206.610565
207.714203
207.433823
207.840683
206.138184
206.216537
209.788513
208.939926
210.192947
207.816879
206.783997
207.624557
208.122101
211.894669
209.990250
207.309784
205.929214
203.277466
204.919586
203.837936
201.567352
202.535477
203.331223
198.343979
199.659576
200.180664
199.041763
200.650009
197.164474
199.968674
197.886230
198.543182
195.317062
201.636581
196.384354
196.007416
200.143906
197.006317
192.930099
195.772202
196.499542
197.002960
199.360260
200.339874
199.612213
196.156693
197.943405
198.388916
199.102570
197.096039
196.965271
198.227036
197.303772
199.553665
197.516891
196.696365
195.969147
197.563248
200.571823
195.037704
195.944977
194.711304
195.977432
195.249344
197.275253
194.106308
197.287384
197.751236
191.521194
195.928467
198.147110
199.406219
199.956802
201.711716
203.163254
199.696777
201.088455
198.118835
199.407089
198.553345
199.980377
198.901276
195.776184
195.834488
199.342163
198.218826
196.615875
200.157166
197.811737
199.243271
201.883987
199.835419
196.146164
199.400375
198.912369
200.852066
198.163116
195.618759
194.636627
195.978638
197.454193
194.726685
195.082397
195.847580
196.094147
195.598633
194.232819
195.384796
194.676407
196.740067
195.762405
195.252747
194.901138
194.747894
194.636703
193.277908
197.961227
196.870865
198.431305
197.600403
196.049316
196.561768
198.153198
197.154633
201.997879
197.210938
199.676575
201.698364
199.291183
198.093079
198.080856
202.330643
202.192520
202.607880
201.340546
204.024597
203.115280
203.418076
203.980133
202.602859
206.082123
205.527908
207.982895
208.079742
209.826355
210.582596
211.167191
212.909607
209.973312
210.797180
211.414124
211.618820
216.273132
211.452713
212.790207
212.001892
216.072556
214.584045
215.560379
216.741974
214.016037
216.247925
217.033707
218.108536
212.996643
214.640106
216.203476
215.487946
220.074173
220.751572
222.756470
221.818954
222.998856
222.872177
222.839767
221.941345
222.091278
220.602905
220.083893
221.087341
219.084518
219.616486
219.951874
223.378662
220.781937
221.382126
221.004044
218.717926
220.913208
219.192596
218.774445
222.281036
220.533936
217.174896
219.461044
218.207260
219.890274
221.501984
220.437347
221.232483
219.118668
219.788040
216.446365
214.217819
213.391647
216.218475
218.983582
218.989487
217.333176
217.479706
219.360657
218.620987
216.736710
216.713516
216.092712
216.261383
210.994064
210.857803
209.303207
211.771149
210.978333
213.276505
210.501221
207.693146
209.810837
209.844620
211.963394
210.647247
209.093002
208.958542
212.343414
208.339615
208.925690
206.814850
209.470444
206.673904
205.444580
208.633957
209.730179
210.403931
209.364304
208.704315
207.302887
209.828857
208.894364
206.600059
203.997319
206.859221
205.200137
