517.821158
577.498193
600.510823
608.367767
604.605750
602.570772
597.464072
596.419516
593.794218
587.541327
583.048623
578.281943
575.387399
572.893184
570.035818
565.374767
557.703768
551.518758
547.924474
542.510966
534.327559
527.906550
521.980538
514.667671
514.326079
506.222324
499.989289
495.990690
496.196293
497.118346
496.127727
494.899696
501.900499
507.417943
508.345674
506.042354
502.390025
500.241445
496.812995
490.466584
489.004119
481.729360
484.199160
476.000910
480.867854
482.332118
483.728483
495.280086
498.749190
499.054190
499.117227
495.346917
496.042678
487.024275
480.034390
476.406864
471.605977
469.297459
466.234265
465.255898
455.591976
457.212191
460.985800
465.283814
464.224345
456.779584
452.174517
451.208392
448.788013
440.875550
434.726500
430.607269
423.118080
421.148298
419.555537
416.317384
409.988919
408.437201
406.082313
402.811592
398.532391
396.289297
393.778153
396.296220
390.280243
388.367249
380.037513
379.930074
379.292189
375.804475
374.836107
369.547487
368.705734
364.260890
372.292105
366.259669
364.854378
360.031624
358.247540
358.003809
357.232277
351.094318
348.422938
346.070115
345.241246
342.730815
344.849061
337.853881
336.919408
339.053136
337.287573
334.942131
330.873710
329.148191
324.828552
325.313662
326.718863
323.136596
320.241188
324.024090
320.931424
319.631503
318.190164
325.252498
322.018257
318.650192
312.363682
311.003793
314.409733
314.467408
311.530149
314.149117
316.301846
317.491203
321.396490
325.202956
321.518381
318.941047
319.115746
320.384642
320.480066
322.006497
319.265490
321.680539
321.901121
322.160991
321.657342
323.602173
322.922265
324.262942
324.889741
327.795230
335.097875
334.976448
337.051823
338.719070
343.224105
343.925856
349.288624
349.233375
348.421685
350.350961
349.313805
356.462623
358.340370
355.635533
360.122891
358.184651
357.404283
358.575507
358.822918
357.978249
359.711632
362.059329
362.675463
359.471383
359.210188
364.795126
365.298751
362.907568
367.875286
379.426337
379.955916
381.247160
385.680112
386.237783
393.484192
399.489854
401.997326
407.285973
409.265930
412.855831
420.445928
423.127480
434.037638
437.815656
442.245384
446.580963
450.518511
457.114768
460.734753
464.229665
466.225919
471.897402
475.759191
486.814368
489.813161
498.401077
499.566216
508.323899
515.607456
517.729091
526.723383
534.529998
538.876724
539.824617
548.032132
555.938784
560.658973
565.950915
574.793305
579.498808
587.272796
590.449840
601.047136
608.248595
602.220074
603.084160
602.706263
605.247900
612.702866
619.200268
625.901436
630.424963
635.168389
640.307339
639.854987
647.736189
648.611515
650.897194
655.874894
660.089557
664.291755
663.179367
672.857607
674.997716
678.857539
684.855337
683.905481
686.599386
690.458646
690.408262
692.770884
694.003814
689.636017
695.714005
700.297414
701.277034
701.564102
701.018153
699.773065
704.554719
706.156530
712.062787
707.292170
714.849083
717.345995
723.446642
720.298563
712.289201
721.625267
725.407667
727.444077
730.232186
727.760278
732.041619
733.117025
732.210468
737.541314
737.593934
735.752006
725.600962
728.811518
734.547808
739.798220
742.437356
741.096711
738.073773
736.097528
736.451603
740.461980
739.178837
742.545692
743.953577
744.392500
742.799662
743.272110
746.423370
745.894982
745.784073
746.245923
744.335164
739.723531
742.777796
744.753655
745.821411
744.000105
747.346248
746.650354
748.416882
749.051997
748.627697
747.872015
746.238150
746.357791
751.249659
747.668294
747.118094
745.510477
748.143409
753.690215
755.478919
766.362863
772.435787
771.820489
770.796906
772.292471
768.445407
767.335704
769.733606
765.978760
762.623660
766.806888
766.105783
767.547362
767.013201
770.032826
770.554379
771.899087
773.051742
762.180097
758.548853
760.021162
760.200120
758.389955
757.075152
760.587939
760.617909
758.732302
763.028986
761.075577
764.495002
760.760844
756.604780
757.469488
759.252415
756.248633
754.807566
751.042013
747.906431
740.473953
723.160999
712.824782
708.996068
707.371923
703.245855
701.792540
700.532464
699.986527
692.266336
695.971195
690.023767
686.494984
675.229662
682.678304
680.106876
688.095432
705.158323
711.289233
717.441957
718.967084
712.330331
712.265409
705.060177
699.157836
697.176009
693.561978
690.508555
690.093048
683.006092
680.861166
684.812993
687.344976
694.418968
696.612376
701.121174
701.006305
706.857151
704.062651
705.252003
706.321830
704.189094
700.930775
707.880133
703.560732
701.429222
701.999531
704.572037
708.970297
711.997817
696.757111
693.381129
721.006302
716.807960
716.553188
718.469882
714.808843
712.613565
707.905877
709.909645
708.209281
709.994059
708.810180
713.362999
712.920446
709.624868
703.206221
708.893427
704.288373
703.818440
703.911848
700.767302
711.774160
700.561556
693.523688
693.504415
697.487173
695.198187
682.346516
628.283392
637.731796
632.320845
627.680776
629.575206
626.421435
622.727076
623.148483
620.423941
618.489578
620.599468
619.948273
617.436113
613.796371
613.020688
615.284427
612.139407
613.236304
610.229093
613.232620
606.507128
610.713847
608.211230
605.576588
601.960588
607.209806
599.272747
600.886228
597.166819
602.599200
599.713281
603.604248
603.545874
613.654691
610.730221
592.274386
593.217857
588.049396
588.032008
584.620089
585.091980
582.736951
578.415567
577.048227
574.675824
574.392608
573.998543
571.295318
571.485746
574.557180
583.967202
596.037759
610.326520
621.001020
629.064647
625.554909
608.164794
580.047695
559.302958
556.136323
567.948023
553.984852
560.169524
557.225187
559.776332
559.516620
562.119603
557.883307
562.106914
555.801675
555.014096
551.647893
547.968795
544.349003
542.844723
538.298576
539.041060
535.470633
536.841250
540.488173
539.736276
541.348630
539.135437
533.225572
537.169959
533.822999
533.895767
529.734944
533.821632
527.505957
519.360721
522.607471
525.553142
524.112943
522.382408
524.113625
520.238417
520.689301
523.230414
524.264629
524.830008
522.302238
521.607263
517.041544
516.244474
515.907880
515.296447
517.638110
521.814982
536.716044
522.543614
520.575558
519.395207
520.430733
517.410649
520.304932
520.750308
524.309193
528.309668
532.335306
535.513768
532.844821
536.138315
535.570266
537.793519
536.769290
543.022377
538.654840
543.605661
541.822855
545.563104
542.627960
540.827006
539.440836
534.017665
535.892290
535.441445
530.924592
529.150175
524.122413
523.707565
517.310168
516.092624
519.294362
520.114820
521.656463
522.789019
518.892495
513.520751
513.213300
511.303032
509.369355
500.402218
497.775986
498.758817
497.914423
489.516327
543.105293
503.819785
493.693726
490.690732
490.409812
491.051223
494.596415
495.386930
480.962223
488.121477
475.017197
528.459317
487.354743
470.392113
470.116039
464.281852
465.572217
463.545663
466.462003
461.146164
459.511018
456.896091
456.806924
451.674316
457.665965
451.530938
453.555796
448.858365
445.898854
454.228509
495.115542
490.570979
489.753526
488.367198
487.654022
483.189704
478.357524
485.945863
491.056923
489.069000
487.132649
480.210700
472.486355
474.135892
472.330599
469.801242
469.786109
464.072992
459.921356
459.604216
447.370088
452.367463
449.567774
448.376213
450.385610
446.665630
447.906475
444.904313
445.903714
448.673443
452.381682
450.556028
474.850591
478.829143
481.327540
483.242207
481.653659
490.780089
490.077629
492.409776
495.549989
501.374885
498.036850
498.545571
496.912748
496.788403
492.287988
492.520534
496.617686
499.357949
514.647659
545.123140
557.688469
562.430253
568.142478
566.608742
569.154378
572.451160
572.001147
569.773093
571.825874
570.588796
566.198614
566.724622
568.294723
567.639092
582.524493
587.067460
588.861510
591.522341
592.309105
593.495762
593.396912
586.270914
585.986029
582.482018
577.736808
577.912753
575.675970
578.991461
586.730814
608.920780
607.895053
608.026649
609.303044
610.470736
608.552823
603.674665
601.291871
598.768248
594.980352
593.309492
589.038669
587.768636
584.873651
584.591255
585.129634
587.952599
580.477243
585.941983
584.190960
576.130683
574.995060
566.783802
565.429452
561.234959
558.026387
553.615205
539.407184
535.345796
526.664908
531.206860
533.205055
530.977962
523.439265
518.614403
515.140180
505.251223
502.523910
497.692834
491.179971
484.851013
481.115627
480.142916
474.958424
476.186430
484.438701
489.951577
490.290231
491.531061
485.603028
485.170561
482.775900
473.639542
471.454311
468.271489
464.098759
463.176744
458.817566
458.487775
463.149713
470.213552
477.097172
478.589051
478.068406
472.576266
469.886868
465.450773
460.012015
457.058029
456.991738
450.588426
448.033288
442.322060
437.103580
437.246727
437.587137
438.232006
433.688683
433.452252
431.406146
428.171496
424.606553
422.036329
414.439467
412.992459
408.566455
403.998758
398.268326
397.819094
390.046573
390.938844
385.097143
391.596577
386.376460
385.301374
381.117844
379.134689
366.578801
366.507754
362.451343
359.587447
354.906284
354.140714
352.026218
350.641557
343.234094
337.316626
330.058802
348.739302
345.829675
340.304321
338.897347
337.705323
333.459181
330.582753
333.198998
329.354308
327.826183
325.380085
327.816151
327.842581
325.688564
325.179385
324.110431
322.233601
322.309423
323.065989
315.115386
312.264344
312.516842
308.977336
313.648862
309.099365
310.080231
309.654198
310.376868
311.873935
313.838348
311.688575
312.361214
308.257899
308.263389
307.558757
305.518188
306.451103
305.764992
307.691342
305.430588
302.718155
300.805545
304.038083
303.500211
301.724774
302.758438
304.544306
305.898984
304.897971
303.626227
304.195377
308.408031
306.446311
307.253121
308.931976
308.391336
314.854101
316.422731
319.228263
326.754132
328.120365
331.474696
336.971510
340.385116
337.572402
336.828772
339.269471
337.697815
340.757644
337.315107
341.297845
341.590926
345.276070
341.215048
347.989713
350.766759
347.010530
348.915379
348.267414
350.403806
351.749632
350.725915
352.153123
350.010316
355.103769
355.164684
357.429306
358.746813
363.516157
367.585906
375.820571
378.650829
390.749292
399.485051
403.205918
409.136943
416.651449
421.798173
419.450406
422.066095
426.765846
428.959131
430.767104
440.308285
444.656444
447.300837
450.925708
452.552903
463.186339
474.124782
479.357956
475.818720
492.047314
495.424752
499.786528
512.997482
516.248024
526.263959
527.989967
545.142456
550.770625
552.813223
554.146678
559.919937
566.694802
577.955615
580.181782
588.480102
594.449285
594.638274
604.142426
603.879506
601.754289
602.103811
608.168638
614.508365
618.099305
614.215783
619.194465
622.870227
624.512344
626.795432
633.308954
632.226291
640.091558
643.137322
649.007936
654.566637
656.400919
651.894130
661.439769
662.973257
670.293219
668.234948
676.000220
681.139714
684.161654
686.051907
691.626694
690.798727
688.411450
698.719044
700.274576
700.276702
701.072163
702.466043
704.222577
705.804319
706.244989
707.601529
704.463008
708.452984
708.180536
709.993792
709.048701
713.453212
705.949605
713.581894
716.791402
717.222644
717.009748
720.565167
720.402490
725.308718
722.690148
725.437612
718.188611
717.972349
723.004997
718.867215
726.942534
723.328463
724.857807
716.961049
720.074142
712.525606
720.559427
722.809698
719.537685
719.382519
725.348413
725.066218
723.524667
723.668121
726.369235
727.049393
726.065425
732.264682
728.554896
722.963479
724.007931
724.330350
726.051725
725.943722
722.663697
720.937299
722.683931
726.029088
722.728798
720.053277
723.058008
718.241134
719.776303
723.209380
723.534755
720.614443
715.463513
716.159391
722.035952
714.893692
719.094324
718.641969
720.779660
718.890479
718.373650
716.805269
714.020379
713.572561
716.835388
718.587513
714.123688
716.488872
716.855076
722.917450
718.975676
722.975930
722.938992
723.566971
730.049716
730.539328
733.016072
731.206002
726.761363
728.199243
727.910165
731.343732
725.982503
725.498577
725.724207
725.347616
723.545922
726.043325
725.367975
718.991548
715.903874
713.318519
697.171085
694.395965
689.603471
680.748496
678.814921
672.301212
678.978602
676.439633
676.331284
672.059778
671.830195
667.088763
662.308744
660.949626
659.798470
662.618253
677.441168
691.105366
694.485449
696.409528
690.787502
692.480259
689.693829
687.435744
688.010616
685.741715
681.860868
677.658334
673.218128
671.845402
678.357808
679.964890
689.047305
685.206962
687.072300
684.957062
691.028579
688.365133
691.311523
689.476551
689.731571
687.973724
687.096160
681.081731
679.631798
674.023267
680.482830
682.945103
685.314542
686.323745
687.656666
684.909636
684.031262
680.538872
680.865857
675.124222
677.965841
674.999146
676.060321
670.681741
672.874353
674.368075
674.374247
672.010083
675.474335
668.384230
673.466414
673.497828
670.586450
668.865589
669.137785
672.479012
664.897668
666.475749
662.341044
659.212409
655.322849
653.651978
652.076605
647.696010
644.593883
645.830868
644.723449
646.324857
640.429563
635.309302
638.940628
636.418464
634.250149
629.213191
629.562110
629.512915
628.581539
622.196283
626.143275
624.075813
622.249039
619.585727
619.771125
616.058111
619.099029
612.414315
611.200740
612.516076
608.222347
606.308055
605.554052
607.752971
601.421741
597.609823
600.820980
597.541647
598.351803
599.461760
595.438084
593.064509
593.601444
592.497018
590.824130
589.635601
582.746418
578.288750
577.547517
575.423680
567.934893
566.850961
555.967133
564.097003
567.593847
558.513773
548.770663
565.054315
558.164677
563.326385
551.261616
561.463516
544.178944
554.311669
551.235413
550.643233
551.568396
537.702407
545.332273
550.884543
548.919337
549.366737
553.495812
515.723229
533.722105
539.210630
532.862254
514.969449
534.787244
523.598864
520.704199
530.428711
528.587665
524.628179
513.401080
531.018271
533.855858
523.874212
532.319109
532.530904
530.760078
509.660822
527.698752
532.221426
531.905174
518.249041
522.578151
510.032071
522.831588
512.099169
515.614852
502.053855
517.447776
510.124621
523.421831
527.498021
518.137526
525.036327
515.775813
518.329577
524.226981
513.821252
516.484448
515.976762
515.773004
516.934634
523.174551
525.231179
519.556994
505.508124
517.720152
523.815660
510.880461
518.180783
520.602205
523.361710
526.288086
530.175705
525.690035
520.843599
533.341553
524.575514
521.585982
521.777131
525.742062
540.116752
528.447758
517.743206
529.820897
523.016031
516.546615
526.746573
518.384507
525.872987
504.774613
499.871497
514.563496
510.806188
512.139513
522.632629
506.384827
506.286195
515.655947
511.047727
507.309429
500.928092
484.633172
473.387173
491.854508
481.536675
483.702409
477.025493
481.324659
482.390573
472.958979
485.845846
475.151667
468.412694
467.193997
479.378665
478.620820
473.770520
473.471768
470.935273
465.912791
455.157524
471.028494
463.852934
452.488934
462.801909
454.421565
443.827172
461.734629
440.071633
446.634971
456.209371
450.200231
434.091769
453.950270
437.331427
448.463694
425.096087
420.897565
442.600924
432.891767
425.473301
421.498912
426.546909
435.214727
439.751449
436.017240
427.726434
417.354314
418.585063
441.526806
422.642523
428.385060
432.509605
430.859578
425.218521
427.208769
434.896901
423.127019
419.659966
440.113113
433.962680
428.741295
428.755824
437.081161
427.214731
438.478113
438.653405
446.436856
417.755676
430.809499
434.714840
428.905285
423.041157
451.518555
457.598474
435.684397
436.782054
441.193376
444.420342
446.464360
432.034836
440.853877
443.050763
437.415938
457.779615
461.111272
466.674049
501.154502
520.225278
522.607749
546.566055
538.363218
543.138040
559.978864
556.459256
546.451317
546.087563
546.607485
546.309368
536.399565
537.220367
550.595414
557.671451
578.604624
573.525959
572.384614
583.251921
575.095960
573.839129
557.883271
573.944227
573.433326
563.418426
549.797277
546.631768
561.805319
548.027004
599.419307
612.939650
612.828616
578.675602
594.456633
560.216622
522.870693
510.771794
513.322236
524.798302
543.756840
562.412904
575.358411
571.883770
573.502940
577.997262
573.350639
557.266361
589.433631
569.255220
569.089012
555.749265
558.028232
551.489979
530.963977
534.424937
535.416360
527.690003
519.614073
523.115377
504.943810
498.057782
500.294320
491.408784
481.348651
479.652930
463.404248
471.538512
466.253383
453.906808
442.853686
439.268220
445.121028
452.598689
422.936892
434.905155
446.360584
438.472051
440.570225
440.427804
434.272223
437.348985
451.581092
439.787625
437.458570
417.228805
405.394910
409.005108
400.198532
415.535574
421.888485
421.872824
418.229962
441.739190
440.431307
435.012597
428.195950
437.733338
420.648219
419.915579
400.872116
407.413319
397.530396
378.464768
382.982434
386.956583
388.697986
380.211717
406.450969
399.116921
387.687227
376.792989
366.872380
350.408100
347.721429
329.207521
345.136461
360.429853
343.385930
327.179903
332.867998
341.936154
327.011985
327.649516
304.376268
327.716125
328.826495
322.144802
321.135455
316.882264
313.071301
291.459501
299.991716
294.817308
295.812277
289.278126
274.083690
279.903996
270.155636
267.715256
258.640059
260.787190
258.825064
262.065007
262.226751
252.990046
258.439033
240.600587
248.080430
248.759429
241.709629
240.957610
227.985903
221.179879
234.575798
232.131561
223.222122
226.622872
220.646980
229.238311
225.329434
224.359375
236.691685
228.949088
215.954043
216.751919
223.149047
207.292280
207.154163
216.559148
216.662094
219.461149
218.176208
208.476709
218.758120
211.801481
217.024790
217.159591
207.450811
216.559711
214.158805
209.222003
190.103061
206.602911
196.639169
205.027082
201.794564
190.774841
188.580700
205.356111
197.436726
188.537700
187.586929
198.400741
189.025506
188.887354
202.434029
206.047137
204.405718
191.046918
196.842876
210.657104
195.093125
208.863893
201.509458
198.970266
201.628062
204.696111
196.364396
197.881174
196.176583
206.291492
191.552248
183.572614
186.008091
194.727865
196.929928
181.229601
192.475395
182.439415
181.552955
193.757528
189.993593
182.014869
186.516985
200.233941
183.067082
188.737027
198.053394
186.502388
183.023306
185.973734
198.246508
194.672807
194.127374
202.853270
192.815380
196.297314
210.443837
210.073822
205.486539
219.052936
215.061818
219.474325
207.848415
221.120454
216.208529
214.646363
221.974447
237.853667
230.202784
232.627076
234.964977
237.187305
238.522467
239.942504
254.244981
238.193289
244.118747
265.775575
260.718959
272.294940
253.209807
280.370685
265.956425
273.837588
277.850902
290.032522
286.646214
303.353639
268.941703
269.882732
275.465356
291.584823
284.456480
283.549840
290.649212
301.273142
301.545344
297.416860
313.273575
328.901775
323.119960
330.199896
330.532435
314.610771
329.532039
327.340446
321.643730
325.575513
333.386516
340.617929
343.584447
339.831393
353.474537
345.165136
339.968601
353.570135
369.599636
351.660249
353.278785
375.114190
365.349353
367.049620
385.539806
386.530583
377.691894
373.887109
393.525360
375.212983
379.291196
386.199573
385.788494
386.140748
386.207630
419.537802
358.714319
441.551823
451.513762
457.150654
458.562274
450.486663
451.693415
451.347993
457.472257
450.633197
455.585897
455.999713
458.976833
463.817661
459.411922
462.969758
459.778757
461.507095
465.713275
463.387085
464.968235
467.190454
466.033394
469.426880
464.507105
465.061765
464.830128
462.355013
460.001339
465.443372
460.914998
462.479367
460.587264
461.296014
465.658109
468.160033
467.799055
468.726372
467.358548
469.745511
467.592212
466.265206
468.098528
469.053312
466.460649
465.922818
465.895608
459.817434
465.884541
467.536884
464.790552
463.566760
464.821939
464.994400
463.751352
466.770790
467.148335
468.730932
466.051386
471.874187
469.266180
466.416689
460.106379
462.055898
456.823254
459.312584
460.047757
460.601459
464.746910
459.099467
457.041840
459.025871
463.552467
462.927510
461.359720
460.196221
457.347720
454.642764
457.595832
460.994344
460.606825
459.833682
460.221238
460.351767
463.548302
460.223230
463.951884
462.181074
461.279967
460.362001
458.918370
457.939331
462.176711
452.756047
452.958579
452.572847
453.784032
444.781048
445.117039
443.119295
439.760392
443.100668
448.078431
453.656820
463.669210
474.790568
481.657725
485.401991
485.902598
482.891287
476.993988
472.219244
472.264054
467.568014
463.528263
454.833621
456.264134
449.994505
451.608661
452.583415
457.708527
454.855634
455.259551
453.052016
446.642395
444.448341
444.187352
441.094226
442.106744
434.598342
431.804478
435.964086
430.930539
429.355471
427.148800
431.132046
422.534737
424.202157
420.909924
421.407569
413.602422
410.707353
408.528795
407.904399
413.019235
407.397934
402.306666
403.099299
398.668552
401.988591
401.499507
399.107006
392.679914
398.759027
394.863905
392.791944
392.880590
388.616080
392.736704
392.418220
392.597735
390.098250
390.649080
386.574925
378.039584
371.188093
371.131441
370.190302
363.915788
363.054685
361.342670
357.151351
355.262997
353.492819
355.379959
357.606029
354.513006
353.256522
346.403496
345.162224
341.237484
336.439448
336.192916
331.612320
332.563125
332.682480
328.557659
326.832729
326.310921
322.731483
321.707944
320.700555
316.566840
320.672330
316.755794
315.760340
313.767648
314.659799
312.657646
313.189496
303.433262
308.676561
304.610859
305.646049
306.932662
300.106764
299.193035
298.957459
296.057236
297.349047
292.051335
293.404159
293.305453
292.465116
296.731243
294.340833
292.922538
298.285316
293.527976
288.768796
287.913475
286.633685
282.414141
282.700848
281.889461
281.240664
278.885228
281.641706
278.343390
278.703745
275.784766
279.073953
283.413104
278.597081
281.127918
279.207947
279.433367
281.035508
277.682147
280.312853
278.038818
276.095256
277.371051
276.483474
277.710926
275.693698
281.912103
285.372095
284.145498
281.567466
281.613366
280.816484
277.799428
280.324623
280.961409
282.166002
282.225306
280.194958
283.078037
276.604536
277.533035
276.322511
276.913767
276.330408
275.426733
277.384248
276.038780
275.592596
275.133071
279.715514
279.170814
278.069064
281.237794
281.082070
284.399482
279.727753
285.057109
285.725436
287.328924
287.832716
288.063257
291.883127
294.846777
297.656881
299.702677
297.586822
301.137406
301.268582
301.402938
304.445660
305.219498
304.984683
306.698902
303.144567
306.483078
313.058988
314.282470
315.299246
314.295354
312.175205
311.868571
309.996692
314.164964
312.681946
310.918444
310.118863
313.087611
308.720237
309.609625
312.512339
311.668480
309.836735
302.856804
305.821315
309.474353
307.829219
309.097751
305.973409
304.409995
297.149166
298.257942
300.444077
294.811628
297.799781
297.866396
296.603419
296.448500
294.176887
292.717613
294.180522
297.322667
294.448976
295.973912
283.960612
308.118817
-35.757750
-0.478352
0.098462
-0.443785
0.894762
-1.672148
0.445682
0.621768
-1.284288
-0.177254
-1.242991
1.445701
1.172113
0.331931
-0.365073
-0.746801
-0.328818
0.359911
0.447334
0.239078
-2.020120
-0.044779
-0.383424
-1.550964
0.128229
0.097166
1.077219
-2.453229
-1.662490
-3.643771
0.552122
-0.769302
-1.695254
0.797254
-0.813309
-0.691781
-0.124952
-2.906533
-1.775430
-0.816072
1.046622
-2.310739
-1.119641
1.823314
3.369905
3.454358
2.406847
-1.042117
0.198548
2.334358
-3.039323
-2.047034
1.821086
-1.231799
0.963522
-1.549345
-0.696149
1.172108
-0.882369
-1.153789
-2.567521
-0.594104
-0.240519
0.290505
1.968133
0.832542
-1.266429
0.819542
-0.853571
1.894594
-0.338215
-1.791302
-2.331592
0.717334
-0.634392
-3.347657
-1.439018
-1.019877
-1.891622
1.400543
0.073327
-0.186720
0.662020
1.700735
0.752610
1.988863
-0.655593
1.513846
0.510357
-0.274983
-0.101739
1.391295
-3.308244
-1.321886
-1.330012
-0.919014
-0.577453
0.821581
1.924982
0.521118
4.124844
2.997079
-0.333377
0.524470
1.860293
0.149615
-1.412413
-1.842246
0.196239
-1.745232
0.022293
3.653162
-1.862301
-3.169740
-0.033522
0.692591
-0.388027
1.148978
0.731906
2.059297
-2.552559
0.516433
2.103018
0.601495
-0.694343
0.828842
-0.386267
-3.326860
0.037236
-3.138600
-1.545523
-0.960846
-0.638273
-0.574762
-1.338220
-2.287592
-0.112929
0.776400
0.374086
-1.052602
-0.125226
-0.463511
-0.626454
0.333971
0.246647
-1.191551
-1.023309
-2.562111
-0.309028
-1.112874
3.086604
-5.486813
-0.250273
-2.129085
-1.206619
0.210096
0.924427
-3.393241
0.264424
1.874544
2.348020
1.055889
0.482773
0.370176
0.707132
3.585749
0.624701
-0.923221
-0.448251
0.357767
0.274886
0.818938
-0.001813
1.065123
1.054612
2.591425
1.185717
2.531210
-0.577600
-0.386752
1.774552
0.770732
-0.008363
-0.929556
1.505583
0.193995
0.056050
-0.950036
2.212051
1.700860
-0.302893
0.734461
1.804854
-0.080472
-0.145312
0.823486
1.292073
0.057338
-0.202997
3.059171
3.164400
0.388859
-0.049521
-1.167533
1.014858
2.229054
-1.104219
-2.505861
-0.028998
-1.043457
2.673967
-2.360265
1.147997
-1.890233
2.308684
0.055210
-0.858348
-1.491482
-0.050319
-0.263395
-0.135541
0.990271
-0.663528
-1.102165
-2.831387
1.798831
-3.073306
0.440470
-0.126662
-1.203331
-0.779853
0.089672
-0.503845
-1.307492
1.070632
-1.618150
-5.408304
2.097232
-1.005751
-0.468398
0.136270
0.055272
-2.841518
2.021731
0.199336
-1.222370
-2.901625
-0.214267
0.904348
-1.388569
0.500096
2.191840
0.421360
-2.967367
-1.010245
-1.122521
-1.617805
0.726373
1.969958
0.142933
0.266014
-1.331072
1.595028
2.163859
-0.117040
-0.566138
-2.843729
-0.084808
2.285294
0.880986
0.718202
-1.386409
0.977029
-1.188467
0.814524
0.195230
-1.620806
-0.216021
2.113435
-1.946104
1.504842
-2.504151
0.417946
-0.385556
-1.105780
2.055458
-0.659014
0.173399
-0.624963
-3.329448
-0.283316
1.277448
0.666639
-0.039865
0.628112
-0.058005
1.148964
-0.342522
0.678149
0.998101
0.217004
0.164684
-0.691587
0.436990
-0.345122
-0.857869
-1.081558
0.198394
-1.180495
-1.052620
0.070588
1.656627
0.973980
1.868042
-0.796975
1.177841
-0.699904
-0.072878
-1.126740
0.147714
0.701565
-0.606452
-1.090363
-0.466750
0.255490
-1.006363
1.183632
1.056307
-1.262210
2.045217
2.844096
-0.212099
0.592544
0.114853
0.859401
-1.625420
1.091372
-1.918613
-1.494224
0.297625
-4.369934
-1.976842
-0.888540
-1.336387
-1.147102
-0.841428
0.696456
0.644711
-0.651498
0.228533
-3.196654
0.603862
-0.692958
-2.444755
-0.487981
-1.485191
1.670263
-0.719962
0.017145
-0.759267
2.262824
2.172044
-0.621548
-1.382421
-0.174740
-1.731069
-2.828443
1.318172
1.340603
0.638144
-0.747854
-0.233347
-1.801490
-0.572196
0.136757
-0.150730
-1.583498
0.001319
-1.302470
1.980742
-2.248535
-0.080975
0.430593
0.704390
-0.569402
4.069979
-0.538138
-1.334541
-0.584677
1.960335
0.919725
-0.391754
-1.071528
0.055375
-1.043197
-2.436995
0.665934
-0.683512
1.768368
-1.740135
-4.453250
2.827224
0.912951
2.688059
-0.940089
-0.670825
2.307610
0.258572
-2.110296
7.442609
0.441609
5.357797
-3.130981
0.257109
1.661292
1.081839
-0.359467
-0.870509
2.374765
-1.792158
1.824102
-2.076467
0.362938
-0.138582
-2.130372
-1.476414
1.115277
0.100123
-1.472971
-1.064928
1.099823
-0.139060
-0.168344
0.804619
-0.604920
-2.177075
-1.472846
1.465888
-15.117701
2.731693
-4.130960
1.174785
-1.977987
-1.338581
-1.619760
2.557377
-0.644169
0.812372
-3.771673
1.570348
-0.886972
-0.032960
-0.333247
0.550690
-0.946199
-0.109981
2.144430
0.478843
-0.529376
-0.674256
-0.043068
-2.409497
0.115611
-0.291900
1.662209
1.006577
2.631754
0.435472
-0.706299
0.515962
-0.017004
0.658200
0.032619
-0.187902
2.364158
-0.566941
2.803192
-1.497778
-0.214154
0.041256
2.617863
1.284778
4.089200
-0.876635
-1.277802
-0.940045
-0.490571
2.644408
0.604540
-0.906479
2.227823
0.099295
-0.970274
1.558347
-0.608893
0.330689
0.296709
-0.659586
0.416673
-8.231776
3.230379
-0.457628
0.795970
-0.629076
0.339223
0.569679
1.271230
-2.909542
-0.650556
1.423488
-0.169036
0.210854
5.740619
-0.886914
-0.258896
0.764266
-2.966299
-0.090610
0.452710
0.664436
-0.776120
-3.151250
0.267193
-0.195843
0.119164
-1.377069
1.617970
-0.546320
2.354986
0.978497
-0.291094
3.088346
-0.772433
0.108295
-3.334485
-0.189062
-2.329895
-0.398073
-0.579517
-0.854206
2.105835
-1.324366
-1.820070
0.741272
-2.899720
1.018730
1.951033
-5.426461
4.224783
0.794064
1.301129
-0.566660
-0.079282
0.073065
-0.371170
-2.946128
-2.624667
-2.255858
0.408983
0.505057
-1.177648
0.105713
-1.876282
-2.041980
3.065754
-2.112126
0.661389
-3.709790
2.478875
1.339160
-1.305185
-1.270164
0.175310
0.633439
-0.290081
1.692279
-1.745996
-1.166031
-0.034046
-1.057639
-2.440404
1.883631
-2.002677
1.390594
0.420221
0.104009
0.283873
1.284370
-2.418259
-1.742208
-0.592020
0.523607
0.923385
-0.825324
2.320352
-18.347197
19.356690
1.955751
-0.989946
2.188803
1.147009
-1.778585
2.693901
-4.255678
1.264996
3.692315
-17.702743
14.016514
2.574670
0.532476
-0.986766
-2.264864
0.042017
-3.935077
-1.844441
2.688376
-0.313939
-1.245827
1.821920
1.220322
-2.467419
3.396107
-0.354014
-3.515360
0.292924
15.689316
-5.467657
-1.375917
1.237025
-0.491569
-0.594325
0.088748
-0.305550
2.534235
1.016719
-0.042214
3.159940
-0.285178
3.446431
1.979189
-0.304940
0.522974
0.286324
1.531723
-1.164796
-1.935954
-0.003081
-0.568031
-4.011418
-1.066354
0.784798
-4.278620
3.102380
-0.288901
0.409723
0.156147
0.836987
-8.740115
-1.067089
-0.535756
-0.075427
-6.140245
1.184366
-2.557866
1.099093
1.895835
-0.401461
0.724617
-0.365545
-0.829622
0.317549
1.066753
-0.183589
-0.105576
-1.546857
0.948488
0.859761
2.476594
-0.053123
-0.525440
1.656023
-4.471247
1.433982
-0.686152
-0.690535
2.358358
-0.802274
0.092885
-0.566353
1.822755
0.100067
2.258666
0.347740
-2.512563
-1.222315
-0.352444
0.791273
-1.109689
0.558875
1.617338
-1.061506
1.968147
3.332173
1.286226
-2.922215
-1.915433
0.054885
-0.289097
-0.425084
0.291423
0.300504
0.869204
-0.170844
-0.868265
-0.086427
0.094485
0.091621
0.454425
-1.170280
-0.468826
1.483302
-1.176983
1.471036
0.604694
0.374588
1.836755
-0.310452
-0.492372
-1.031124
-1.004432
1.270468
0.212203
-1.235432
-2.200881
3.280194
-0.300947
-2.663157
-1.664590
2.803590
-3.456484
0.370970
-0.337761
-3.931565
-0.755259
-2.311032
-0.328018
0.450283
1.829664
-2.478018
1.144989
-1.786735
-0.385584
0.883270
1.233062
-1.236512
0.198603
-0.152083
2.092058
1.237639
-0.430643
-0.810448
0.276314
-0.639555
-2.031233
1.352484
0.121819
0.694247
1.085825
1.404547
-1.004377
0.757606
-1.062292
-0.168729
0.115466
1.030013
-1.283956
-1.995265
0.800704
1.857166
0.079527
1.008844
0.739868
-0.754697
-1.861600
1.337652
-0.684892
-1.813510
-0.716108
0.401338
0.247163
-1.134952
-0.619949
0.843131
1.754415
-0.803449
1.896978
-2.004387
2.792007
2.746614
2.721449
1.884215
0.149607
0.923114
1.407165
-0.792946
-2.101640
-1.686379
-0.562586
1.168281
-0.467988
-1.807058
-1.485120
0.621747
-5.577573
6.267502
-0.322747
2.504592
1.695084
1.931164
-1.645574
-2.620410
-0.526535
1.445276
-1.233438
0.842696
-0.170336
-2.988440
2.358080
1.438211
1.077974
2.358784
-2.028641
-0.747734
-0.612281
1.837534
-2.041267
-0.178931
-2.586515
-1.632368
-1.448127
0.402645
0.494955
0.807680
-1.774003
-1.260130
-0.279248
3.485599
0.065560
0.350285
-0.174570
-2.830502
0.422571
-1.532590
0.700871
1.494869
1.694448
0.019926
-2.444563
0.355606
1.606695
1.006595
-0.375606
1.552645
-0.935729
3.968491
0.115729
-0.803368
0.181364
0.029443
0.370657
-2.413074
1.654923
-0.089065
2.001844
0.792181
1.442475
-3.240096
0.062071
1.686854
2.601504
0.711681
-0.291186
-0.905400
-0.824352
-1.043647
-0.537639
-2.979410
-1.879430
1.047896
-0.973741
-3.510954
-0.838012
0.903379
-3.025876
-0.758255
-1.314987
-1.387141
0.666959
1.690519
-0.273655
0.828756
-0.421868
0.588626
0.985616
1.118343
-1.416441
-1.796266
1.245038
1.087251
3.903568
-0.176344
0.676535
-1.671206
-1.001524
-2.330313
-0.258815
-0.265905
-2.371914
1.880041
1.722010
-2.330875
-1.345727
3.780108
0.810166
-1.099930
0.822669
0.108741
-0.744939
1.762809
1.017499
-1.237662
1.173175
-1.996684
1.362734
0.453033
-2.168702
1.406162
0.357193
1.452927
0.984918
0.768075
0.975052
-2.049337
3.035404
-0.629395
-0.584048
-0.315107
0.699939
0.625990
1.171356
-1.349480
0.188177
-0.474004
0.333040
0.787413
0.920093
-1.433480
1.237464
0.083527
-1.782140
0.183054
0.499251
1.075298
-1.053077
-2.092532
1.833800
0.672754
1.944806
0.049812
-1.099693
-0.255779
3.234782
1.277411
-1.846679
0.716438
-0.762156
-0.215675
-0.377613
1.778117
0.772735
0.529004
0.275176
-0.391226
-0.818393
2.774049
1.119260
1.562174
0.410915
1.748181
0.251746
-2.568589
3.179413
2.586146
-1.600944
-0.123849
-1.057691
0.424800
3.420545
-0.785374
-0.302242
-0.595142
-1.689913
-0.794856
0.655693
-2.166143
-1.468179
-4.141782
-0.139003
-1.775881
2.100020
-0.324053
-0.359709
-1.379161
-2.176765
0.028682
-0.452496
2.302947
0.913049
1.452529
-0.778621
-0.090277
0.146586
0.794981
-0.957064
0.446491
-0.985562
0.909495
-0.868752
0.316482
0.328882
0.729430
-0.035549
0.218963
0.681545
1.629324
0.242611
-1.148165
1.467291
-1.436531
1.547063
-0.933469
-0.285993
-0.594874
-0.342966
2.573399
-1.106860
-1.368986
2.702537
2.615794
-0.233030
0.548906
0.348433
-3.237758
-1.662841
0.795057
0.687885
-1.336476
-1.002328
0.168802
2.204525
0.100609
0.968970
1.310038
-0.753944
1.266986
0.868619
-2.872478
-0.658609
-1.251282
2.042920
0.785131
1.486273
1.195875
-0.548953
-0.011554
2.053226
1.518747
-1.523431
-0.415413
-2.162656
-3.431950
-0.335262
0.916162
-0.604610
-0.306955
-2.177784
0.807749
2.409695
1.744033
-1.145597
-1.602826
-1.489918
2.488094
0.480606
-0.335005
0.544339
-1.291750
-3.350287
2.246855
0.909607
-2.918628
1.722220
0.186258
-1.350449
-0.510009
-0.381485
2.025388
-0.015958
-0.262498
1.253904
-2.212700
-0.587387
-2.748669
0.235830
2.744425
-1.371061
2.385884
1.397337
0.976959
-3.068437
-0.119571
-0.146621
-0.421115
-0.560642
-1.274781
-0.186398
2.236200
2.174824
-0.895266
0.697255
-0.941407
3.321160
-0.580702
-1.508794
1.451653
2.395933
0.042574
2.345366
-1.241852
2.703633
2.055479
-1.298540
-1.166345
-0.366202
-2.000101
-2.252012
2.302942
0.038416
-2.247339
-2.046598
-1.483685
0.145781
-0.522933
1.604335
0.276164
-1.943128
0.154667
-0.196682
-1.207640
-0.636561
0.396433
1.006167
0.571659
0.465409
0.287563
0.183552
1.065111
2.675894
0.396652
-0.941235
-1.626599
-0.736291
-0.533402
-2.992328
1.985727
3.183529
-1.622706
-0.205901
0.533297
-0.469179
1.116381
0.616514
-0.710389
-0.175890
1.731222
-2.801951
2.508826
-1.521152
1.710726
-0.854556
2.222902
-1.413550
-1.666910
-1.271761
-0.002642
0.551273
0.166740
-1.789442
1.465843
-1.797420
-2.407209
-0.877829
1.276936
0.796931
-2.708843
-0.166859
5.190489
-6.810846
-1.041231
-3.200152
-4.186301
8.937613
-2.332996
-1.426907
-2.780789
6.746505
0.604975
-7.030802
-0.273771
-5.618790
1.363153
-4.169881
3.976830
2.008403
-1.775441
-0.475707
-0.721866
11.423959
7.806418
-0.270661
-1.284931
11.944754
-0.006780
-0.287950
-8.253609
-7.511710
-1.987302
-2.155437
-13.565956
1.550142
3.772735
-1.790366
-4.857388
-1.830646
-1.813257
-1.962612
9.287703
-3.897604
1.210162
-0.704365
-4.456684
-5.240951
-0.380934
6.078763
0.598278
-2.897160
-4.286606
2.002712
10.678088
1.564278
-5.185078
-0.805601
-7.867839
-4.251686
-1.002026
-8.538897
-7.029934
5.047603
6.684882
-6.245912
-6.977971
4.033563
0.698362
-12.538626
-0.510886
-7.419408
7.693925
-0.199053
-7.833046
-2.634427
-14.114837
0.480682
-9.052727
-2.590926
4.925557
-2.658792
0.495791
-5.201194
5.971920
5.869968
2.528727
-2.360608
-11.447411
-3.288202
-2.858633
2.550288
6.182154
-3.973908
4.131811
12.266358
4.392854
-9.462252
-8.264285
4.108446
3.831683
14.108259
-5.705066
0.495332
-9.075399
-2.615261
-20.895774
-7.331132
-3.895221
1.230889
4.762433
3.834649
2.817849
2.371035
-6.791178
-2.752688
5.851095
6.499570
-4.685643
4.053963
5.239433
-1.909322
-2.740863
-3.704113
6.466117
-10.418159
0.123445
4.197785
12.415846
9.168840
-3.207917
5.049207
-2.683820
2.528935
5.429396
-1.067771
4.566591
-1.185902
17.160140
4.401679
-10.430023
2.440455
10.088517
-5.181711
4.205475
4.715967
4.222408
10.177032
7.524081
-1.379517
2.652216
5.098198
7.447645
-8.933345
5.188575
6.000917
-3.123699
0.945583
5.761142
-3.864348
-6.313953
-0.642469
-11.612909
-1.885109
7.341953
-1.411398
0.826550
3.815408
3.886582
0.697581
-2.499237
3.414250
-0.186368
6.419262
13.545089
-11.111151
-4.527751
-2.009117
-10.343545
-3.350592
1.860507
4.211262
6.505023
-13.109666
-3.288994
9.872790
2.178431
-6.464924
-0.012544
3.894475
4.917501
-9.165814
-1.241069
5.562985
-4.529587
1.663440
14.241797
3.734645
3.756283
-2.361421
2.033285
-6.478496
15.162658
1.820254
-0.896781
-3.090701
4.512666
15.040728
-3.120847
2.598393
-12.973073
-3.945556
2.969657
8.188822
7.129051
-11.995476
-4.630325
4.233814
4.060605
7.826591
3.171408
-9.135341
1.229657
0.058263
-2.113569
-4.517406
0.223979
1.328048
-1.582251
-1.773899
-0.501416
-0.570506
1.472209
-0.351489
-0.610687
1.159557
-2.373170
-11.177682
-3.287652
-6.962776
6.974034
1.434871
-1.141874
6.434610
-0.107297
8.643033
-2.373573
-6.601884
5.416123
2.257771
-8.324638
-4.691434
-4.308151
11.162603
-1.116355
-2.769318
-2.760145
-3.933722
2.838403
-5.367231
-1.372790
-6.886731
-9.639755
-2.506495
-0.087285
-1.211064
-9.672300
-2.569038
12.177875
0.569312
6.395888
10.110469
15.711981
4.940589
6.432917
2.679349
-6.992725
-11.989813
2.996540
5.118266
-10.787331
0.367440
-1.746962
10.227363
-0.107877
-0.413029
-1.468246
-0.953139
6.050395
8.281912
6.954665
0.859584
-10.850687
6.071650
-5.902812
-10.268689
-8.893624
9.472859
-0.709554
-2.675702
4.904173
-1.105420
6.174586
-1.172263
4.221230
-4.236953
-2.843909
9.650721
-7.843529
1.736842
-8.932908
2.025769
-10.990621
-0.759599
10.030586
6.064693
-4.466867
-7.490133
1.732311
1.545323
-3.456541
0.169509
2.561463
-9.657170
8.100921
1.739797
2.537795
-1.287894
-7.963138
7.716686
-0.023081
9.955176
-3.653466
-4.663337
-5.808658
9.414846
7.330624
12.002951
0.346801
-3.984382
-6.136843
-6.717068
5.288175
2.658454
-2.233336
1.585545
-1.165214
-9.710178
5.079591
10.874774
7.288642
11.729181
0.892513
4.832106
3.348400
9.733844
-7.836945
4.258249
2.325166
5.203396
1.852280
-3.992665
-4.611070
-0.820972
-8.718921
10.210906
-1.211268
-8.610639
4.492564
7.643781
-10.117648
6.424681
16.144417
-1.755686
-3.146753
-6.404992
-7.688049
6.776586
-1.492488
-4.174473
2.802378
12.821563
4.381770
-9.806800
12.913115
-2.324400
10.020341
10.940931
-1.634849
-5.606744
-3.662752
-8.001695
-0.613002
11.117197
-9.421913
-2.098319
-1.789985
-1.616209
7.467208
11.386678
8.606628
8.961874
17.333409
-0.435938
-10.278000
-5.962584
-5.308797
-7.376987
-10.463174
6.981322
-2.192605
7.820617
9.974590
-3.244277
-6.284273
6.384901
-0.096148
0.951432
-4.167228
6.535384
8.047117
8.452729
-1.794136
0.881183
1.269345
0.641562
0.424718
-12.124693
-1.489302
2.026539
0.573812
7.957629
1.438316
-13.833674
-4.813572
2.188861
-12.775448
-10.054884
10.825736
1.691630
-3.660622
4.550724
11.568192
-2.592858
-7.013949
8.456168
-6.419002
-0.619940
10.716569
-2.530105
7.616391
-2.355833
7.381467
-4.325340
3.655290
-6.122126
-10.800081
-0.318267
8.217139
10.255138
5.064540
4.846383
-5.832310
3.762430
1.123818
4.992821
11.526795
0.335214
3.074928
1.783193
-11.612868
4.714598
3.722196
6.002580
-10.990481
-5.916996
11.933858
-2.011417
-3.847999
5.115747
5.625839
-0.174117
3.508910
4.024593
-11.131059
-7.713079
-10.183573
-5.758387
-0.956984
-1.820380
8.520579
-9.615358
6.004393
-4.815776
-1.748942
14.966592
-7.334518
8.444856
-10.991507
-4.111218
8.193158
3.875808
-0.372358
6.868497
-0.292674
6.973355
4.589204
-8.462380
-6.517350
6.643308
0.993609
-0.791251
-0.356204
-3.074030
0.622211
1.033270
2.113325
-2.492147
1.715827
0.350068
1.629487
-2.126331
0.777481
-0.137616
-1.456087
-2.934318
0.262559
-0.400589
-1.374874
-0.997100
-1.326696
0.854961
0.833569
-2.352809
-0.701857
-0.706641
0.580832
1.453774
1.278396
-0.910735
-0.042796
0.074881
0.759327
0.369801
1.031564
-1.221684
2.285417
1.189702
-1.320272
-1.391097
-0.137767
-0.465821
0.048541
0.766738
-1.838623
0.268694
-1.230490
-2.074832
2.447117
0.217416
-1.691571
0.702646
-0.406372
-1.899824
-0.691375
1.946689
0.063414
1.945563
0.641403
0.808251
-0.237227
1.480098
0.651306
-3.141365
1.418091
-0.332727
1.308008
-0.762685
-1.653149
1.447531
1.379776
-0.945757
1.399226
0.876631
-0.756186
-1.216647
1.664377
3.874439
-0.027047
-2.073049
-1.095933
1.039961
0.146307
1.131652
-2.956341
2.129244
2.734393
-0.717727
0.099800
-1.600686
-1.214983
-0.909180
0.526490
-0.203761
1.056568
-1.037527
0.075892
-0.777419
0.565868
1.631390
1.073870
-1.466168
-0.887790
1.458352
0.690186
1.750324
1.213308
-0.480602
-1.880178
-0.109977
-0.921157
0.000261
-0.538955
1.081112
-0.039793
0.502451
-0.136782
1.781411
0.908679
-1.157544
0.314596
0.265423
0.270591
-0.475219
-0.882878
0.760515
1.965358
0.049043
2.844234
1.891524
0.558776
-0.444023
-0.797589
-1.045239
1.792146
-1.058390
1.269811
-0.659441
-0.664769
0.658463
-1.054020
-0.228405
1.294692
1.671864
-0.657075
0.813470
-2.240669
0.048544
-1.194905
1.857766
-0.784129
-0.152552
0.988959
0.468926
0.298099
2.035082
-0.627976
-1.617389
2.246835
1.578057
-0.759646
0.051558
-0.833553
-2.728081
-0.074049
0.614562
1.832562
0.754286
-1.020432
-2.425685
-1.212807
-2.447630
0.389719
-0.625287
-0.933557
2.683835
-0.569811
1.497338
0.578508
-0.622461
-0.841084
-2.079003
0.751321
0.707861
2.250507
-2.115545
0.361482
0.292542
-2.164435
-0.379760
-0.286575
1.498958
0.853798
-0.078432
1.055288
-0.220134
-1.510240
-0.049167
0.957248
-0.314749
-0.321614
-0.176929
-0.893397
0.370910
-1.528926
2.117321
0.380681
2.296525
-0.536140
-0.236651
-0.334813
-0.663262
1.727330
1.250076
-0.507438
-1.462943
-0.020189
0.657356
1.234511
-1.659903
2.468371
0.457459
-1.082515
-2.451790
-0.590989
-3.794148
-1.968388
3.301937
-2.869785
0.403026
0.243836
0.971314
0.545666
1.024800
-0.424003
-1.374168
-0.388021
-1.049546
3.318840
0.765085
0.600881
2.089498
1.151942
-4.275865
0.801660
-0.837110
1.703050
1.684038
0.789875
0.854486
-1.310226
2.216375
-2.191207
-1.539267
2.087994
-2.745425
-1.024945
-0.008571
-0.822882
1.746285
-0.217700
0.293138
-0.880414
-1.088385
-0.206270
-0.093288
0.559541
2.299416
0.662609
-0.920908
0.915547
3.907037
-0.158151
-0.410022
-1.472812
-0.175761
-1.560931
-0.535559
0.863253
1.651554
0.808823
0.356102
-0.604069
-1.533766
0.132292
3.671679
0.653693
2.223700
-0.229096
-1.957658
-0.007092
-2.748480
1.342269
1.444516
0.867856
0.349331
0.175821
0.721804
-0.587821
-0.760586
-1.125372
-1.520282
0.846827
1.839087
-1.906391
0.552469
1.732629
-0.063594
-0.887461
-1.271018
-0.155636
-1.105012
1.043664
-0.892221
1.090139
-0.841381
-0.323487
-1.864626
-1.113235
-1.424535
0.061983
1.033251
1.170979
-0.842756
2.894205
0.823132
2.338513
-1.777096
0.102452
-0.106876
-1.635860
0.681975
-15.288357
75.319499
