-0.000000
1.000000
2.000000
3.000000
4.000000
5.000000
6.000000
7.000000
8.000000
9.000000
10.000000
10.999999
11.999999
12.999999
13.999999
14.999999
15.999999
16.999999
17.999999
18.999999
19.999999
20.999999
21.999999
22.999999
23.999999
24.999999
25.999999
26.999999
27.999999
28.999999
29.999999
30.999998
31.999998
32.999998
33.999998
34.999998
35.999998
36.999998
37.999998
38.999998
39.999998
40.999998
41.999998
42.999998
43.999998
44.999998
45.999998
46.999998
47.999998
48.999998
49.999998
50.999997
51.999997
52.999997
53.999997
54.999997
55.999997
56.999997
57.999997
58.999997
59.999997
60.999997
61.999997
62.999997
63.999997
64.999997
65.999997
66.999997
67.999997
68.999997
69.999997
70.999996
71.999996
72.999996
73.999996
74.999996
75.999996
76.999996
77.999996
78.999996
79.999996
80.999996
81.999996
82.999996
83.999996
84.999996
85.999996
86.999996
87.999996
88.999996
89.999996
90.999995
91.999995
92.999995
93.999995
94.999995
95.999995
96.999995
97.999995
98.999995
99.999995
100.999995
101.999995
102.999995
103.999995
104.999995
105.999995
106.999995
107.999995
108.999995
109.999995
110.999994
111.999994
112.999994
113.999994
114.999994
115.999994
116.999994
117.999994
118.999994
119.999994
120.999994
121.999994
122.999994
123.999994
124.999994
125.999994
126.999994
127.999994
128.999994
129.999994
130.999994
131.999993
132.999993
133.999993
134.999993
135.999993
136.999993
137.999993
138.999993
139.999993
140.999993
141.999993
142.999993
143.999993
144.999993
145.999993
146.999993
147.999993
148.999993
149.999993
150.999993
151.999992
152.999992
153.999992
154.999992
155.999992
156.999992
157.999992
158.999992
159.999992
160.999992
161.999992
162.999992
163.999992
164.999992
165.999992
166.999992
167.999992
168.999992
169.999992
170.999992
171.999991
172.999991
173.999991
174.999991
175.999991
176.999991
177.999991
178.999991
179.999991
180.999991
181.999991
182.999991
183.999991
184.999991
185.999991
186.999991
187.999991
188.999991
189.999991
190.999991
191.999990
192.999990
193.999990
194.999990
195.999990
196.999990
197.999990
198.999990
199.999990
200.999990
201.999990
202.999990
203.999990
204.999990
205.999990
206.999990
207.999990
208.999990
209.999990
210.999990
211.999989
212.999989
213.999989
214.999989
215.999989
216.999989
217.999989
218.999989
219.999989
220.999989
221.999989
222.999989
223.999989
224.999989
225.999989
226.999989
227.999989
228.999989
229.999989
230.999989
231.999989
232.999988
233.999988
234.999988
235.999988
236.999988
237.999988
238.999988
239.999988
240.999988
241.999988
242.999988
243.999988
244.999988
245.999988
246.999988
247.999988
248.999987
249.999988
269.845310
263.881279
93.226604
0.000000
