0.471839
2.932042
5.656854
8.485281
11.313708
14.142135
16.970563
19.798990
22.627417
25.455844
28.284271
31.112698
33.941125
36.769552
39.597979
42.426406
45.254833
48.083260
50.911688
53.740115
56.568542
59.396969
62.225396
65.053823
67.882250
70.710677
73.539104
76.367531
79.195958
82.024386
84.852813
87.681240
90.509667
93.338094
96.166521
98.994948
101.823375
104.651802
107.480229
110.308656
113.137084
115.965511
118.793938
121.622365
124.450792
127.279219
130.107646
132.936073
135.764500
138.592927
141.421354
144.249781
147.078209
149.906636
152.735063
155.563490
158.391917
161.220344
164.048771
166.877198
169.705625
172.534052
175.362479
178.190907
181.019334
183.847761
186.676188
189.504615
192.333042
195.161469
197.989896
200.818323
203.646750
206.475177
209.303604
212.132032
214.960459
217.788886
220.617313
223.445740
226.274167
229.102594
231.931021
234.759448
237.587875
240.416302
243.244730
246.073157
248.901584
251.730011
254.558438
257.386865
260.215292
263.043719
265.872146
268.700573
271.529000
274.357428
277.185855
280.014282
282.842709
285.671136
288.499563
291.327990
294.156417
296.984844
299.813271
302.641698
305.470125
308.298553
311.126980
313.955407
316.783834
319.612261
322.440688
325.269115
328.097542
330.925969
333.754396
336.582823
339.411251
342.239678
345.068105
347.896532
350.724959
353.553386
330.063631
0.176777
0.000000
0.000000
0.000000
0.000000
0.000000
0.000000
0.000000
0.000000
0.000000
0.000000
0.000000
0.000000
0.000000
0.000000
0.000000
0.000000
0.000000
0.000000
0.000000
0.000000
0.000000
0.000000
0.000000
0.000000
0.000000
0.000000
0.000000
0.000000
0.000000
0.000000
0.000000
0.000000
0.000000
0.000000
0.000000
0.000000
0.000000
0.000000
0.000000
0.000000
0.000000
0.000000
0.000000
0.000000
0.000000
0.000000
0.000000
0.000000
0.000000
0.000000
0.000000
0.000000
0.000000
0.000000
0.000000
0.000000
0.000000
0.000000
0.000000
0.000000
0.000000
0.000000
0.000000
0.000000
0.000000
0.000000
0.000000
0.000000
0.000000
0.000000
0.000000
0.000000
0.000000
0.000000
0.000000
0.000000
0.000000
0.000000
0.000000
0.000000
0.000000
0.000000
0.000000
0.000000
0.000000
0.000000
0.000000
0.000000
0.000000
0.000000
0.000000
0.000000
0.000000
0.000000
0.000000
0.000000
0.000000
0.000000
0.000000
0.000000
0.000000
0.000000
0.000000
0.000000
0.000000
0.000000
0.000000
0.000000
0.000000
0.000000
0.000000
0.000000
0.000000
0.000000
0.000000
0.000000
0.000000
0.000000
0.000000
0.000000
0.000000
0.000000
0.000000
0.000000
0.000000
-44.901281
0.000000
