0.707107
3.535534
6.363961
9.192388
12.020815
14.849242
17.677670
20.506097
23.334524
26.162951
28.991378
31.819805
34.648232
37.476659
40.305087
43.133514
45.961941
48.790368
51.618795
54.447222
57.275649
60.104076
62.932504
65.760931
68.589358
71.417785
74.246212
77.074639
79.903066
82.731493
85.559921
88.388348
91.216775
94.045202
96.873629
99.702056
102.530483
105.358910
108.187338
111.015765
113.844192
116.672619
119.501046
122.329473
125.157900
127.986327
130.814755
133.643182
136.471609
139.300036
142.128463
144.956890
147.785317
150.613744
153.442172
156.270599
159.099026
161.927453
164.755880
167.584307
170.412734
173.241161
176.069589
178.898016
181.726443
184.554870
187.383297
190.211724
193.040151
195.868578
198.697006
201.525433
204.353860
207.182287
210.010714
212.839141
215.667568
218.495995
221.324423
224.152850
226.981277
229.809704
232.638131
235.466558
238.294985
241.123412
243.951840
246.780267
249.608694
252.437121
255.265548
258.093975
260.922402
263.750829
266.579257
269.407684
272.236111
275.064538
277.892965
280.721392
283.549819
286.378246
289.206674
292.035101
294.863528
297.691955
300.520382
303.348809
306.177236
309.005663
311.834091
314.662518
317.490945
320.319372
323.147799
325.976226
328.804653
331.633080
334.461508
337.289935
340.118362
342.946789
345.775216
348.603643
351.432070
354.260497
357.088924
0.000000
0.707107
0.707107
0.707107
0.707107
0.707107
0.707107
0.707107
0.707107
0.707107
0.707107
0.707107
0.707107
0.707107
0.707107
0.707107
0.707107
0.707107
0.707107
0.707107
0.707107
0.707107
0.707107
0.707107
0.707107
0.707107
0.707107
0.707107
0.707107
0.707107
0.707107
0.707107
0.707107
0.707107
0.707107
0.707107
0.707107
0.707107
0.707107
0.707107
0.707107
0.707107
0.707107
0.707107
0.707107
0.707107
0.707107
0.707107
0.707107
0.707107
0.707107
0.707107
0.707107
0.707107
0.707107
0.707107
0.707107
0.707107
0.707107
0.707107
0.707107
0.707107
0.707107
0.707107
0.707107
0.707107
0.707107
0.707107
0.707107
0.707107
0.707107
0.707107
0.707107
0.707107
0.707107
0.707107
0.707107
0.707107
0.707107
0.707107
0.707107
0.707107
0.707107
0.707107
0.707107
0.707107
0.707107
0.707107
0.707107
0.707107
0.707107
0.707107
0.707107
0.707107
0.707107
0.707107
0.707107
0.707107
0.707107
0.707107
0.707107
0.707107
0.707107
0.707107
0.707107
0.707107
0.707107
0.707107
0.707107
0.707107
0.707107
0.707107
0.707107
0.707107
0.707107
0.707107
0.707107
0.707107
0.707107
0.707107
0.707107
0.707107
0.707107
0.707107
0.707107
0.707107
0.707107
0.000000
